id	dam	sire	LLRdam	LLRsire	LLRpair	OHdam	OHsire	MEpair
5267	3518	3454	2.49	5.44	11.69	0	0	0
1533	677	1028	-2.28	13.14	4.95	0	0	0
4938	1791	1509	23.51	1.87	24.19	0	0	0
5290	5079	1867	3.21	0.8	23.95	0	0	0
5498	4868	1886	-7.79	26.16	-0.28	0	0	0
5499	3451	1801	-3.94	8.24	16.44	0	0	0
5588	4964	1661	-1.4	14.52	13.04	0	0	3
5595	1707	1604	2.21	8.5	17.94	0	0	0
5602	1580	1542	5.21	1.15	10.44	0	0	2
5604	5284	1762	13.83	17.5	22.01	0	0	0
5619	NA	3689	NA	2.69	NA	NA	0	NA
5613	3518	3486	3.91	3.55	12.62	0	0	0
5599	4973	1868	45.41	29.05	17.15	0	0	0
4943	3490	3087	22.67	6.98	31.82	0	0	0
5611	4973	1868	52.87	41.38	13.05	0	0	0
5597	1716	1877	0.47	12.12	21.5	0	0	0
5598	NA	NA	NA	NA	NA	NA	NA	NA
5606	5324	3458	24.42	9.5	21.58	0	0	0
5641	1508	5077	3.49	7	21.17	0	0	1
5632	5173	5291	0.39	25.71	20.92	0	0	0
5638	NA	5281	NA	7.28	NA	NA	0	NA
5654	3491	5283	20.75	6.18	5.61	0	0	0
5651	5592	1611	-0.46	-9.19	16.97	1	3	4
5652	5466	5602	-17.71	3.54	12.97	0	1	3
4951	3567	1604	0.26	1.98	10.76	0	0	0
5657	3567	5285	5.26	4.1	19.49	0	0	2
5656	3606	1869	22.01	7.56	10.24	0	0	1
5658	4999	5072	6.68	9.14	24.43	1	0	1
5681	1826	2972	2.92	-3.96	3.74	0	1	1
5684	5267	1027	8.65	9.3	11.3	0	1	3
5686	5217	5000	20.76	11.65	34.33	0	0	0
5635	1826	1804	13.26	0.42	19.34	0	2	2
5750	1826	3456	12.68	4.97	14.87	0	0	0
5508	4896	2990	16.87	13.61	16.47	0	0	4
5748	3608	5237	-11.84	27.09	17.87	0	0	0
5000	3002	1581	37.21	0.16	30.13	0	0	0
5144	3608	1553	6.49	20.11	22.84	0	0	0
5753	4862	1731	-3.69	9.61	11.21	2	0	3
5516	1864	1542	25.07	3.26	9.27	0	0	0
5167	677	1897	2.44	-0.26	2.7	0	0	3
5532	4965	1616	-4.64	14.56	10.27	0	0	0
5757	5532	5515	9.39	19.25	9.76	0	0	0
5758	1864	5275	26.77	-4.36	13.21	0	0	1
3462	1403	1533	-3.16	7.04	15.13	0	0	0
5760	2978	3089	5.18	12.07	28.14	0	0	0
3093	1852	1358	14.16	-14.58	1.8	0	0	0
5171	1678	1412	0.99	3.72	19.28	0	0	0
5515	2985	842	15.52	4.2	15.17	0	1	3
1791	1172	544	19.76	18.07	39.03	0	0	0
5335	4896	2990	11.93	6.85	16.95	0	0	0
5240	3699	1808	21.05	6.24	19.2	0	0	0
5628	2968	5240	11.1	29.42	17.21	0	0	3
5765	NA	5335	NA	14.81	NA	NA	0	NA
5766	5337	5508	5.8	4.17	30.03	0	0	1
5767	5524	4860	-5.59	-6.24	6.33	0	0	0
4860	3514	NA	-0.52	NA	NA	0	NA	NA
5524	3608	1553	2.27	14.11	19.82	0	0	0
2960	1369	1744	17.63	7.68	25.29	0	0	0
5768	5533	5547	11.38	-8.98	5.93	0	0	3
5775	1716	5334	2.51	23.78	25.25	0	0	0
5776	NA	5121	NA	18	NA	NA	0	NA
2968	459	176	-0.54	0.49	12.48	0	1	2
5319	1439	1727	19.55	-1.17	9.52	0	0	4
3490	1501	1773	6.04	20.86	24.37	0	0	0
2978	1892	1356	14.07	17.38	18.22	0	0	0
3089	1617	1610	5.18	3.62	10.9	0	0	3
1731	NA	22	NA	5.82	NA	NA	0	NA
1864	1503	1209	-0.21	9.88	9.54	0	0	0
1509	925	1287	0.83	9.89	26.85	0	1	1
5522	1757	1616	-9.34	6.13	14.73	0	0	0
5785	3453	5523	2.83	-15.98	7.62	0	0	0
3456	1580	1512	10.55	-13.77	15.97	0	0	0
4890	1510	2966	8.18	-2.2	8.63	0	0	0
5275	1803	1356	-12.54	24.58	17.11	0	0	0
5525	5163	5072	9.27	13.04	22.66	0	0	0
5072	2985	1752	1.01	-2.46	11.02	0	0	1
3085	1763	1287	13.44	26.45	1.54	0	0	1
1605	1222	494	-7.49	2.1	8.81	0	0	1
5547	3596	1512	13.02	8.41	3.08	0	0	3
5198	3462	1242	12.17	4.61	8.14	0	1	3
3453	NA	510	NA	18.18	NA	NA	0	NA
5523	1757	1616	14.11	-4.29	28.4	0	0	0
1801	845	1494	4.34	19.44	116.67	0	0	3
5518	3590	1750	3.6	1.35	7.43	0	0	0
5456	4958	4888	15.98	6.71	15.85	0	0	0
3608	1705	1750	9.99	1.52	8.03	0	0	0
5237	4896	2990	26.07	12.73	32.35	0	0	1
5283	2963	1713	-6.83	19.4	-2.62	0	2	4
5549	3017	4934	6.81	18.55	0.07	2	0	4
5854	5549	5522	-3.25	8.49	10.6	0	0	0
1412	951	868	-0.93	-7.88	3.37	0	0	3
5842	3595	1877	3.6	29.46	24.59	0	0	0
5843	4896	3460	18.6	0.27	6.22	0	1	1
3567	1757	1523	11.33	6.51	19.02	0	0	0
5779	5514	5321	-3.46	23.24	19.63	0	0	0
1710	524	1566	10.24	22.6	17.74	0	0	0
1604	1247	NA	8.43	NA	NA	0	NA	NA
6010	3461	3460	1.02	9.31	13.28	0	0	1
4965	3094	1739	12.87	2.43	9.57	0	0	0
3606	3094	1515	-0.12	-0.84	6.03	0	1	3
5545	2989	1710	8.37	22.89	64.56	0	0	0
3451	NA	NA	NA	NA	NA	NA	NA	NA
4957	2982	1427	7.16	7.58	7.56	0	0	3
6018	3086	NA	21.99	NA	NA	0	NA	NA
1729	604	1221	-3.73	-14.67	17.97	0	2	2
6023	5613	5779	11.02	18.98	36.18	0	0	0
1678	1588	NA	22.24	NA	NA	0	NA	NA
6025	5525	5513	4.76	8.38	30.02	0	0	0
5575	5168	1731	5.64	4.78	14.09	0	0	2
5559	5157	3000	-0.31	7.79	6.16	0	3	4
5249	1782	1881	17.93	-13.23	25.12	0	0	1
5514	5320	1029	11.55	-6.84	11.61	0	0	0
4904	1854	1029	7.98	8.48	13.36	0	0	0
5292	3022	1682	8.3	3.3	22.38	0	0	0
5321	3453	1744	2.37	9.52	1.03	0	0	0
5217	3596	4918	13.38	-0.78	19.13	0	1	2
4892	3505	1774	31.47	1.69	18.65	0	0	0
6048	1678	5291	8.38	11.74	27.05	0	0	0
6046	5635	5595	18.82	10.89	20.19	0	0	0
4999	1757	1523	3.16	0.64	4.41	0	0	0
5513	4973	2990	1.19	4.32	25.43	0	0	0
5173	1678	3696	7.98	-29.39	32.03	0	0	0
1826	1536	1787	3.18	24.24	16.75	0	0	0
1607	1222	494	9.13	-9.38	13.61	0	0	0
5564	1872	1881	6.63	2.45	16.69	2	0	2
6061	5630	2966	7.02	5.24	16.45	0	0	0
1869	832	1604	3.16	12.12	16.11	0	0	0
3087	1736	888	-0.93	1.49	10.61	0	1	3
6067	5766	4890	-0.91	1.99	20.85	0	0	0
6142	5604	1607	11.59	19.12	26.7	0	0	0
6143	5657	5775	24.58	3.56	-3.48	0	0	0
3094	1510	1523	-0.04	10.76	16.48	0	0	0
6146	5451	5522	12.87	8.46	18.28	0	0	0
6148	5575	6018	7.16	1.85	14.64	0	0	0
5624	5533	5167	4.75	7.34	21.4	0	0	0
4973	1384	1553	11.86	19.77	-2.35	0	0	0
1868	1384	1553	12.94	11.09	25.5	0	0	0
6161	4896	1881	20.54	-10.2	15.98	0	0	0
4896	1779	1796	5.11	-0.52	17.28	0	0	0
6153	5611	5508	7.72	-13.76	13.18	0	0	0
4917	1826	NA	13.55	NA	NA	0	NA	NA
4972	NA	NA	NA	NA	NA	NA	NA	NA
1824	1612	1287	-3.69	24.7	8.74	0	0	2
6175	5546	1762	14.84	5.65	1.52	0	0	0
5128	1789	1801	11.15	13.44	21.29	0	0	0
6172	5769	5559	7.97	6.94	28.49	0	0	0
5132	3698	3457	20.83	-1.12	19.9	0	0	0
6191	6048	4957	17.75	14.07	13.14	0	0	0
6190	5842	5333	-0.86	9.73	27.12	0	0	0
3595	1893	1871	18.96	2.05	12.48	0	0	1
6195	5132	5498	4.15	3.88	15.89	0	0	0
1881	NA	1785	NA	29.11	NA	NA	0	NA
6204	5641	5776	5.43	-2.62	0.65	0	0	0
6206	5630	5547	4.69	3.75	10.82	0	0	3
6207	5545	5638	8.84	-6.8	23.26	0	0	0
4958	1172	1171	9.22	7.6	23.77	0	0	0
6217	5843	5588	-8.98	20.26	23.42	0	0	0
6171	1294	1750	17.98	-6.88	-13.6	0	2	4
6221	5597	5602	5.64	6.56	24.3	0	0	0
6212	5564	4892	-13.45	15.31	14.51	0	0	0
5851	5518	5456	-2.34	28.13	21.96	0	0	0
5769	5166	5526	9.59	-1.28	2.65	0	3	4
5333	1857	3618	10.14	4.79	19.59	0	0	0
6220	5128	5606	-1.3	2.26	21.27	0	0	0
5853	4958	5520	8.95	-0.37	12.9	0	2	4
5291	1043	3696	0.39	5.23	11.45	0	0	0
3024	1791	1509	23.2	23.73	44.62	0	0	0
1822	938	1381	17.77	-6.31	7.94	0	0	0
1768	1361	1590	1.16	25.32	29.68	0	0	0
3010	1740	1729	9.7	10.81	21.43	0	0	0
1775	NA	1615	NA	5.79	NA	NA	1	NA
6549	3085	6045	-5.23	4.49	7.78	0	0	0
6240	5543	6033	-4.59	-14.7	20.91	0	0	0
1048	444	42	-6.27	0.94	13.67	0	0	0
924	NA	509	NA	21.69	NA	NA	0	NA
6573	NA	NA	NA	NA	NA	NA	NA	NA
65	NA	NA	NA	NA	NA	NA	NA	NA
6312	3451	6196	-0.68	22.74	8.2	0	0	0
1515	444	1166	3.18	11.11	28.76	0	0	0
6276	5635	5462	11	17.39	24.96	0	0	0
1049	500	494	-0.55	23.38	21.47	0	0	0
6571	6229	6155	-12.94	-5.96	21.94	0	0	0
1367	912	922	14.76	11.65	30.03	0	0	0
6660	6036	6163	17.05	5.67	22.23	0	0	0
563	508	602	-2.96	20.46	16.87	0	0	0
1720	1532	911	3.8	12.15	11.41	0	0	0
6777	6034	2966	9	8.35	33.66	0	0	0
6279	5657	1762	-0.85	5.91	23.13	0	0	0
6859	6690	6385	-10.99	-0.5	3.45	0	0	0
6909	NA	NA	NA	NA	NA	NA	NA	NA
1878	862	1524	-1.69	21.71	34.17	0	0	0
1739	1439	439	28.42	14.63	-4.49	0	0	4
3003	639	1695	4.06	8.1	5.63	0	0	3
6551	5589	5559	6.91	-17.08	7.68	0	0	0
6282	5769	5679	13.03	2.87	22.97	0	0	0
1232	308	1183	10.29	27.18	5.09	0	0	1
6267	1707	5626	11.12	5.67	26.3	0	0	0
6863	5312	6563	-3.8	-0.51	-4.08	3	0	4
1190	663	NA	22.5	NA	NA	0	NA	NA
6230	5750	5847	6.86	-0.47	21.91	0	0	0
7086	6690	6385	18.22	12.79	12.69	0	0	0
6877	5635	5837	12.11	17.37	19.99	0	0	0
554	199	221	1.61	-4.98	25.29	0	0	0
1414	447	1203	17.85	-1.46	19.43	0	0	0
1505	NA	824	NA	7.19	NA	NA	0	NA
6900	5657	1734	13.79	-1.07	-2.33	0	1	3
6309	5337	6033	18.26	-3.25	18.98	0	0	0
7097	5465	6570	11.4	14.29	24.35	0	0	0
1391	596	200	-2.86	9.03	18.43	0	0	0
530	NA	470	NA	0.08	NA	NA	1	NA
6245	5277	5291	30.35	0.72	23.48	0	0	0
6283	4896	5764	12.81	18.98	34.59	0	0	0
6697	6229	6155	-0.88	-0.52	28.89	0	0	0
6886	6554	6574	0.95	14.48	13.98	0	0	0
6384	5212	5333	5.57	-6.8	6.08	0	0	0
6690	6022	5779	9.68	20.68	32.3	0	0	0
3013	NA	NA	NA	NA	NA	NA	NA	NA
1531	949	557	11.98	5.86	21.59	0	0	0
6780	NA	5292	NA	-2.9	NA	NA	1	NA
7080	5773	6751	-16.29	-0.05	11.98	3	0	3
6884	6138	6570	3.83	15.4	21.77	0	0	0
3009	1429	631	-2.72	0.71	15.53	1	1	3
6020	3085	1729	-20.16	11.88	21.97	0	0	0
3012	1247	1287	11.68	5.78	20.23	0	0	0
6831	5621	NA	14.28	NA	NA	0	NA	NA
7094	1516	5559	7.64	4.13	16.76	0	0	0
6070	5518	2974	8.81	11.53	15.77	0	0	0
6836	5823	6556	2.63	14.59	23.36	0	0	0
1485	823	562	1.18	18.61	26.57	0	0	0
6865	6211	6231	-1.36	-5.3	5.77	0	0	0
1503	1186	1213	10.33	15.81	15.55	0	3	3
1230	827	467	-10.8	6.41	57.8	0	0	3
472	78	NA	-1.17	NA	NA	0	NA	NA
5466	3002	1886	11.53	-3.59	19.85	0	0	0
1285	1182	544	-0.9	9.08	19.49	1	0	1
1723	1550	1040	18.5	-0.84	15.99	0	0	0
4937	1827	1744	6.09	5.76	3.88	0	0	0
3090	1362	1509	5.51	4.09	25.16	0	0	0
1229	NA	NA	NA	NA	NA	NA	NA	NA
1279	522	1174	5.39	10.42	12.96	0	0	0
3450	1506	1720	-0.69	8.36	28.04	0	0	0
1417	NA	NA	NA	NA	NA	NA	NA	NA
4974	2968	1769	17.02	3.57	35.9	0	0	0
1246	869	176	-3.61	-4.25	49.86	0	0	0
6882	NA	NA	NA	NA	NA	NA	NA	NA
6385	6034	5602	10.36	-5.61	7.61	0	2	4
6910	1736	5554	4.07	5.56	13.42	0	0	1
2983	1672	1533	5.92	19.97	30.28	0	0	0
6565	6009	1869	8.36	13.12	27.58	0	0	0
6554	5854	5822	-0.93	12.49	19.8	0	0	0
6567	5633	5498	10.36	-5.1	11.22	0	0	0
6546	5575	5820	-8.35	14.71	9.72	0	0	3
6294	5625	5820	-0.28	3.69	10.35	0	0	0
1776	1510	1199	0.39	2.44	-4.15	0	0	3
1888	2987	1695	18.19	14.29	20.18	0	0	0
3014	1586	1214	-13	53.04	-19.37	0	0	4
6919	6036	6163	4.16	10.53	15.9	0	0	0
7110	NA	5292	NA	16.52	NA	NA	0	NA
3571	2975	1611	23.22	-3.39	22.01	0	0	0
6233	3608	5834	9.42	15.35	15.78	0	0	0
3448	2984	501	13.11	3.28	28.13	0	0	0
1529	1403	849	-2.95	9.46	17.38	0	0	0
6870	6028	3456	7.11	-18.68	5.76	0	0	0
6758	4905	1748	-8.11	1.37	-12.45	0	2	2
7075	6009	4951	12.51	5.58	24.53	0	0	0
6776	6036	6314	24.52	17.19	5.04	0	0	0
6548	5543	6136	11.4	47.01	39.58	0	0	0
6370	5525	6017	4.38	4.97	12.41	0	0	0
6727	3462	5590	3.91	8.89	25.37	0	0	0
6781	NA	NA	NA	NA	NA	NA	NA	NA
6864	6673	6193	7.98	-0.18	13.51	0	0	0
6888	6036	6163	10.05	19.15	15.74	0	0	0
7108	5640	NA	12.18	NA	NA	0	NA	NA
6785	5545	6565	23.59	6.21	19.27	0	0	0
6755	6138	5292	1.53	8.81	8.93	0	0	0
6861	6188	6574	8.93	0.63	38.19	0	0	0
6737	1826	5581	8.56	-2.1	10.08	0	0	2
7068	NA	4947	NA	12.88	NA	NA	0	NA
6574	6211	6011	24.38	-3.6	27.03	0	0	0
6838	6143	3089	-6.85	15.93	9.64	0	0	0
6924	6229	6155	9.72	-2.15	27.72	0	0	0
6694	6143	3089	16.16	13.31	25.7	0	0	0
6753	6048	5776	0.6	0.66	1.12	0	0	0
6894	5615	1777	-4.67	2.06	2.93	0	1	2
6879	5543	5639	11.8	-2.71	18.08	0	0	0
6782	5618	1582	0.22	-8.36	1.86	0	0	4
6788	5823	5839	5.17	16.56	23.56	0	0	0
6745	6022	5645	-12.18	-9.09	7.94	1	3	4
7083	NA	NA	NA	NA	NA	NA	NA	NA
6856	6187	NA	1.41	NA	NA	0	NA	NA
6868	6185	6163	19.64	4.16	-8.1	0	1	4
6735	NA	6249	NA	6.3	NA	NA	0	NA
6750	6554	5779	1.12	12.66	22.48	0	0	0
6704	5634	6567	13.63	63.19	32.54	0	0	0
6852	5843	6230	0.91	6.57	11.1	0	0	0
7099	6211	6570	31.83	20.19	28.53	0	0	0
7109	5545	6565	11.25	8.88	34.39	0	0	0
6689	1487	NA	1.52	NA	NA	2	NA	NA
6377	5521	5118	16.44	3.59	19.17	0	0	0
6925	6551	6167	7.73	-11.32	0.66	0	0	0
6846	5524	6314	-1.4	5.34	22.67	0	0	0
6844	NA	4951	NA	7.4	NA	NA	0	NA
7102	6034	5590	-7.61	7.95	6.12	0	0	0
6889	5846	6231	4.09	15.14	12.96	0	0	0
7103	6188	6574	15.6	7.88	15.56	0	0	0
6740	NA	5291	NA	5.99	NA	NA	0	NA
6747	4965	5538	2.13	2.38	-0.75	0	0	4
6698	6028	3456	6.38	-7.72	15.71	0	0	0
6550	5524	4860	13.55	-2.93	-10.8	0	0	0
6847	3094	5855	20.7	3.15	12.58	0	0	0
6766	NA	5538	NA	9.76	NA	NA	0	NA
6887	5511	6032	-8.36	14.86	-7.85	1	0	2
6892	6568	5523	-1.85	-5.97	11.82	0	0	0
6662	5838	5820	-6.55	26.44	20.24	0	0	0
6675	5543	5588	4.18	22.7	35.36	0	0	0
6908	6377	NA	7.55	NA	NA	0	NA	NA
6654	5901	6019	25.46	-3.63	15.4	0	0	0
7069	5530	3089	36.3	-4.97	24.58	0	0	0
6878	NA	6751	NA	30.1	NA	NA	0	NA
6668	6147	5837	-0.72	8.25	20.84	0	0	0
6759	6185	3486	12.71	18.17	23.63	0	0	0
6786	6169	NA	8.26	NA	NA	0	NA	NA
6902	5545	5626	20.84	7.31	1.53	0	0	2
6732	5543	4860	28.14	14.51	88.2	0	0	3
6918	6161	6163	13.64	19.9	22.9	0	0	0
7101	6233	5639	4.59	10.38	21.63	0	0	0
6761	5825	6172	15.04	-14	3.47	0	0	0
6843	NA	1769	NA	21.76	NA	NA	0	NA
6834	6670	5821	49.13	11.48	16.38	0	0	0
6733	6028	5829	-0.6	5.9	7.43	0	0	0
6896	NA	NA	NA	NA	NA	NA	NA	NA
6765	6009	5787	10.61	16.35	0.77	0	0	0
6881	4958	5626	-2.78	9.62	4.19	0	0	0
6739	5838	6294	4.78	12.88	18.97	0	0	0
6920	6187	NA	0.51	NA	NA	0	NA	NA
6773	3488	5210	11.86	4.88	4.18	0	0	3
6840	6186	6384	1.69	10.41	9.97	0	0	0
6699	5173	NA	19.58	NA	NA	0	NA	NA
6754	3595	5292	0.98	10.64	21.51	0	0	0
7088	6707	5839	-1.97	3.84	17.05	0	3	3
7100	NA	6708	NA	19.6	NA	NA	0	NA
7070	NA	NA	NA	NA	NA	NA	NA	NA
6729	3490	5679	4.15	14.2	7.96	0	0	3
6901	6904	6045	15.1	8.83	19.65	2	0	2
6757	6740	5291	8.06	20.5	15.03	0	0	2
6895	5657	1762	7.02	6.21	29.27	0	0	0
6742	3462	5590	12.47	-0.34	27.65	0	0	0
6709	5537	5602	-5.53	11.74	24.93	0	0	0
6706	5749	5639	14.37	14.2	26.51	0	0	0
7090	6188	6574	8.09	7.37	28.46	0	0	0
6914	6143	3089	17.72	13.7	19.56	0	0	0
7104	NA	6219	NA	19.14	NA	NA	0	NA
6570	3094	5834	17.43	16.54	11.12	0	0	0
6835	5543	6570	-6.18	15.88	8.8	0	0	0
6751	5634	6788	11.88	16.71	32.02	0	2	2
6707	1278	6011	14.66	11.3	-6.79	0	0	1
6728	5630	2966	-3.38	6.06	15.47	0	0	0
853	NA	NA	NA	NA	NA	NA	NA	NA
1421	1345	NA	32.81	NA	NA	0	NA	NA
776	NA	637	NA	18.18	NA	NA	0	NA
6873	6191	6163	3.67	19.28	21.97	0	0	0
6875	NA	5560	NA	20.84	NA	NA	0	NA
854	601	642	8.65	4.64	11.68	0	0	1
6692	NA	4866	NA	11.98	NA	NA	3	NA
1036	542	673	0.83	22	22.32	0	0	0
6897	5851	6032	-3.66	13.24	16.12	0	0	0
1535	NA	NA	NA	NA	NA	NA	NA	NA
1158	NA	881	NA	-1.35	NA	NA	0	NA
1433	1222	501	19.49	17.44	6.79	0	0	0
6850	5621	NA	18.95	NA	NA	0	NA	NA
1278	NA	1686	NA	-2.36	NA	NA	0	NA
7081	5838	5762	10.17	15.57	17.43	0	0	1
864	469	NA	0.59	NA	NA	0	NA	NA
828	NA	NA	NA	NA	NA	NA	NA	NA
6872	NA	6156	NA	11.03	NA	NA	0	NA
6676	5452	4802	12.93	6.95	2.95	0	3	3
1365	NA	NA	NA	NA	NA	NA	NA	NA
1542	1022	1196	-8.95	11.79	5.26	0	0	2
6670	3596	5292	5.06	17.13	24.91	0	0	0
6731	NA	6018	NA	21.37	NA	NA	0	NA
6314	5833	5559	-5.89	10.35	0.62	0	0	0
1548	NA	NA	NA	NA	NA	NA	NA	NA
1213	455	1212	19.5	37.65	37.42	0	0	1
1561	1386	216	9.65	5.29	23.23	0	0	0
856	1017	NA	7.47	NA	NA	0	NA	NA
1544	912	1020	5.99	17.56	4.3	0	0	4
1427	862	917	-0.67	0.27	9.84	0	0	0
667	530	637	18.47	0.85	15.22	0	0	0
826	NA	499	NA	15.4	NA	NA	2	NA
609	NA	NA	NA	NA	NA	NA	NA	NA
6650	5909	5820	30.11	25.11	21.13	0	0	0
216	NA	1686	NA	-0.39	NA	NA	0	NA
1516	1437	1279	18.09	6	17.27	0	0	0
607	NA	176	NA	-1.26	NA	NA	0	NA
1426	522	1360	7.46	12.78	29.9	0	0	0
6381	6206	1868	21.54	12.48	21.26	0	0	0
671	NA	208	NA	5.92	NA	NA	0	NA
6904	1826	5624	-0.01	-1.37	14.07	0	0	0
1508	168	1045	7.37	-27.28	7.8	0	0	0
838	297	NA	1.48	NA	NA	0	NA	NA
1410	502	NA	8.96	NA	NA	0	NA	NA
831	NA	681	NA	2.98	NA	NA	0	NA
1157	454	890	-0.82	4.1	17.15	0	0	0
1513	1402	467	5.09	-1.85	4.83	0	0	0
1560	823	499	6.68	13.69	12.06	0	0	0
863	NA	539	NA	11.44	NA	NA	0	NA
1568	663	1154	-16.46	-2.66	23.05	0	0	0
1222	927	501	3.16	12.84	27.5	0	0	0
941	543	NA	17.89	NA	NA	0	NA	NA
1205	NA	448	NA	-3.45	NA	NA	0	NA
1174	531	776	10.13	-6.95	21.36	0	0	0
1286	1048	NA	17.46	NA	NA	0	NA	NA
605	NA	176	NA	0.78	NA	NA	0	NA
1305	1177	854	20.99	16.56	25.92	0	0	0
1183	469	494	3.57	-7.26	1.19	0	0	0
531	NA	448	NA	7.8	NA	NA	0	NA
1270	561	NA	4.26	NA	NA	1	NA	NA
1507	NA	506	NA	1.93	NA	NA	0	NA
527	64	178	1.14	4.97	26.21	0	0	0
1210	930	867	1.62	6.54	24.36	0	0	0
630	297	NA	-12.56	NA	NA	3	NA	NA
1291	912	178	18.8	6.58	81.01	0	0	0
1293	NA	1279	NA	4.25	NA	NA	0	NA
1302	641	637	4.77	14.08	60.4	0	0	0
543	476	NA	-4.57	NA	NA	0	NA	NA
208	NA	NA	NA	NA	NA	NA	NA	NA
1393	951	NA	13.46	NA	NA	0	NA	NA
1275	608	510	4.43	2.49	14.26	0	0	0
1169	558	557	2.9	2.19	15.53	0	0	0
449	NA	NA	NA	NA	NA	NA	NA	NA
4914	1580	1542	0.86	13.88	6.27	0	0	0
7093	5833	5559	-1.65	8.73	14.19	0	0	0
549	NA	293	NA	2.73	NA	NA	1	NA
1057	675	549	6.07	-2.91	36.12	0	0	0
293	NA	21	NA	2.9	NA	NA	0	NA
867	NA	526	NA	2.38	NA	NA	0	NA
21	NA	NA	NA	NA	NA	NA	NA	NA
6557	4882	NA	20.38	NA	NA	0	NA	NA
919	163	510	0.22	-0.95	11.87	0	0	0
1050	853	865	5.11	22.28	18.75	0	0	0
852	NA	674	NA	9.27	NA	NA	0	NA
468	NA	176	NA	3.69	NA	NA	0	NA
217	NA	NA	NA	NA	NA	NA	NA	NA
526	528	178	10.19	8.84	77.68	0	0	0
3692	1672	1533	6.49	4.08	24.1	0	0	0
5273	1536	4967	8.52	12.27	23.21	0	0	0
473	NA	NA	NA	NA	NA	NA	NA	NA
1245	NA	1151	NA	9.36	NA	NA	1	NA
665	NA	178	NA	0.77	NA	NA	0	NA
1151	542	547	0.18	-2.62	24.44	0	0	0
857	531	NA	15.84	NA	NA	0	NA	NA
5166	930	3519	-7.99	6.98	12.84	0	0	0
841	454	221	-4.31	3.89	21.63	2	0	2
6231	5525	6025	16.16	17.5	3.06	0	0	0
877	172	NA	2.03	NA	NA	0	NA	NA
1861	NA	510	NA	0.1	NA	NA	0	NA
827	NA	176	NA	4.34	NA	NA	0	NA
436	500	494	2.12	0.21	-0.66	0	0	0
539	NA	NA	NA	NA	NA	NA	NA	NA
842	794	609	3.46	-2.62	25.27	0	0	0
931	454	664	6.64	14.28	26.74	0	0	2
444	NA	25	NA	6.05	NA	NA	0	NA
669	NA	446	NA	5.09	NA	NA	0	NA
6382	1757	1557	12.32	-2.69	-14.46	0	3	3
474	168	NA	-2.53	NA	NA	0	NA	NA
1362	199	609	-5.03	1.55	12.05	0	0	0
1056	641	637	8.68	-5.25	34.91	0	0	0
680	NA	331	NA	2.77	NA	NA	0	NA
1277	949	557	12.5	5.96	18.6	0	0	0
830	522	NA	22.63	NA	NA	0	NA	NA
627	NA	NA	NA	NA	NA	NA	NA	NA
529	NA	NA	NA	NA	NA	NA	NA	NA
860	670	NA	2.79	NA	NA	0	NA	NA
1023	511	51	6.34	21.3	28.98	0	0	0
1226	835	1165	-3.56	-3.9	13.38	0	0	0
1162	500	494	-1.37	-18.51	16.5	0	0	0
844	671	208	13.84	-2.67	96.26	0	0	0
1053	199	609	13.4	7.97	27.34	0	0	0
3592	2963	1533	-12.76	13.45	23.84	0	0	0
3863	925	837	2.35	14.5	17.63	0	0	0
331	NA	NA	NA	NA	NA	NA	NA	NA
1420	1432	NA	26.64	NA	NA	0	NA	NA
600	NA	NA	NA	NA	NA	NA	NA	NA
940	NA	559	NA	3.08	NA	NA	0	NA
1016	823	562	4.98	3.31	1.56	0	0	0
631	NA	NA	NA	NA	NA	NA	NA	NA
1292	430	1242	4.2	5.21	12.22	0	1	3
799	NA	NA	NA	NA	NA	NA	NA	NA
6673	6028	3456	-1.63	11.26	10.53	0	0	0
1054	NA	21	NA	-0.32	NA	NA	0	NA
945	168	831	-1.38	0.88	7.27	0	0	0
1211	430	642	-4.14	5.28	11.5	2	0	2
914	1859	609	4.41	3.68	29.77	0	0	0
5248	3688	1695	15.73	7.46	10.5	1	0	4
1227	NA	512	NA	2.62	NA	NA	0	NA
502	297	NA	-0.63	NA	NA	0	NA	NA
678	NA	NA	NA	NA	NA	NA	NA	NA
548	NA	NA	NA	NA	NA	NA	NA	NA
598	441	NA	3.24	NA	NA	0	NA	NA
836	NA	636	NA	6.89	NA	NA	0	NA
603	NA	NA	NA	NA	NA	NA	NA	NA
944	524	856	21.42	-0.46	17.66	0	0	0
640	447	448	9.14	17.73	29.07	0	0	0
943	464	NA	2.38	NA	NA	0	NA	NA
1038	869	467	-16.26	8.49	69.26	0	0	3
918	NA	602	NA	29.98	NA	NA	0	NA
1298	1049	636	-16.24	-1.57	9.11	1	0	1
843	NA	494	NA	3.06	NA	NA	0	NA
560	NA	NA	NA	NA	NA	NA	NA	NA
430	NA	NA	NA	NA	NA	NA	NA	NA
1296	670	1211	1.68	28.75	19.16	0	0	0
885	172	1861	26.31	46.2	19.05	0	0	0
926	454	NA	6.78	NA	NA	0	NA	NA
3946	543	1198	12.3	-4.75	8.47	0	0	0
1208	845	1686	7.2	-4.07	8.15	0	3	3
6375	5549	5776	0.04	7.54	7.98	0	0	0
1055	NA	669	NA	7.72	NA	NA	1	NA
1301	530	NA	5.73	NA	NA	0	NA	NA
1035	471	NA	13.62	NA	NA	0	NA	NA
1243	NA	857	NA	4.34	NA	NA	0	NA
558	430	51	-1.67	-6.22	106	0	0	0
1242	172	633	-3.84	29.8	7.74	0	0	2
479	NA	NA	NA	NA	NA	NA	NA	NA
1154	NA	NA	NA	NA	NA	NA	NA	NA
512	NA	216	NA	5.49	NA	NA	0	NA
562	1859	1686	0.99	2.13	22.59	0	0	0
835	NA	NA	NA	NA	NA	NA	NA	NA
4913	2978	1722	-5.51	7.28	17.23	0	0	0
3871	942	864	9.65	12.2	-2.39	0	0	0
7082	5516	1542	-22.17	28.43	-19.07	0	0	0
6862	5596	1794	-21.87	6.79	-18.33	3	0	3
525	NA	NA	NA	NA	NA	NA	NA	NA
594	NA	176	NA	5.59	NA	NA	0	NA
29	NA	NA	NA	NA	NA	NA	NA	NA
6552	1200	6202	1.78	-10.29	6.77	0	1	2
6313	6022	5643	-0.4	4.71	8.05	2	0	2
6315	5530	5822	16.82	3.48	33.2	0	0	0
439	NA	293	NA	3.04	NA	NA	0	NA
471	NA	NA	NA	NA	NA	NA	NA	NA
461	NA	NA	NA	NA	NA	NA	NA	NA
6229	3699	NA	-5.9	NA	NA	3	NA	NA
545	NA	NA	NA	NA	NA	NA	NA	NA
6568	6217	6024	50.19	25.38	27.6	0	0	0
523	NA	NA	NA	NA	NA	NA	NA	NA
452	172	NA	11.64	NA	NA	0	NA	NA
6563	NA	NA	NA	NA	NA	NA	NA	NA
475	168	NA	-0.49	NA	NA	0	NA	NA
448	1859	NA	0.76	NA	NA	0	NA	NA
451	78	NA	-19.74	NA	NA	3	NA	NA
1228	826	1212	-11.81	19.33	12.65	0	0	0
848	NA	65	NA	-11.61	NA	NA	0	NA
6556	5851	3089	30.18	11.17	9.97	0	0	0
6272	5150	5314	1.16	8.67	4.95	0	0	3
1233	666	916	5.19	3.74	14.58	0	0	0
506	NA	75	NA	9.63	NA	NA	0	NA
6311	5128	3486	27.45	34.52	26.07	0	0	0
1797	1195	1243	4.43	7.08	16.15	0	0	0
946	474	857	-2.85	29.13	32.53	0	0	0
5620	3094	5340	7.44	-28.09	-11.78	0	0	0
6845	NA	6782	NA	8.16	NA	NA	2	NA
1214	503	470	-5.66	6.11	25.17	0	0	0
1058	NA	549	NA	6.34	NA	NA	1	NA
25	NA	NA	NA	NA	NA	NA	NA	NA
6762	5534	5588	-2.36	9.41	17.89	0	0	0
6261	5901	5776	6.42	-1.2	13.49	0	0	0
7071	5630	6698	-1.92	8.83	22.07	0	0	0
460	NA	NA	NA	NA	NA	NA	NA	NA
1030	459	947	2.74	26.96	10.16	0	0	0
1686	NA	NA	NA	NA	NA	NA	NA	NA
7079	3579	NA	8.76	NA	NA	0	NA	NA
7084	3086	5829	-0.77	-1.66	19.11	0	0	0
1683	NA	NA	NA	NA	NA	NA	NA	NA
464	NA	216	NA	17.15	NA	NA	0	NA
6760	NA	NA	NA	NA	NA	NA	NA	NA
6268	5766	4890	15.69	2.74	23.52	0	0	0
297	NA	NA	NA	NA	NA	NA	NA	NA
6249	5217	5000	-8	22.69	15.66	0	0	0
7074	1716	6570	1.79	16.1	3.51	2	0	3
6038	5536	5837	-18.29	12.3	11.68	0	0	0
6273	5625	5626	14	26.2	30.4	0	0	0
335	1222	1287	4.44	6.67	11.06	0	0	1
6378	5838	5820	6.41	6.42	16.65	0	0	0
1212	878	NA	-0.01	NA	NA	0	NA	NA
1046	1017	605	3.86	-0.12	12.83	0	0	0
6566	5132	5456	-12.61	11.54	22.55	0	0	0
3613	3508	1171	50.2	18.71	20.58	0	0	0
6274	5749	5639	24.26	-15.9	21.55	0	0	0
6043	3453	5321	6.45	26.52	70.71	0	0	0
1179	297	836	-5.6	7.05	22.73	0	0	0
1238	479	866	2.39	2.51	16.7	0	0	0
601	NA	NA	NA	NA	NA	NA	NA	NA
6306	NA	1616	NA	23.86	NA	NA	0	NA
6307	NA	5523	NA	8.64	NA	NA	0	NA
6037	3595	5292	-3.8	16.42	13.42	0	0	0
7096	6852	5612	32.49	10.38	27.43	0	0	0
6310	5319	5612	-4.92	-1.27	9.4	0	0	0
937	677	673	21.83	23.3	22.89	0	0	0
447	792	NA	-3.51	NA	NA	0	NA	NA
1021	505	75	3.65	-2.43	13.72	0	0	0
6645	NA	6370	NA	11.72	NA	NA	3	NA
6564	5537	5215	14.09	6.76	15.46	0	0	2
7091	6554	6708	7.2	-10.44	2.01	0	0	0
6917	NA	5560	NA	11.43	NA	NA	0	NA
6300	5634	4957	2.32	0.06	12.43	0	0	0
6764	1790	5249	-9.81	-4.01	3.13	1	2	3
6239	1716	6012	14.16	29.98	25.8	0	0	0
7077	5452	4860	3.03	9.88	9.51	0	0	0
22	NA	NA	NA	NA	NA	NA	NA	NA
6284	5575	5820	20.32	11.29	8.39	0	0	3
6926	6673	6375	13.51	7.02	13.7	0	0	0
6281	1612	2966	-1.83	9.17	1.03	0	0	3
6374	5524	4860	-0.82	11.37	21.57	0	0	0
5527	NA	NA	NA	NA	NA	NA	NA	NA
6032	5174	5121	5.3	-43.33	-13.53	0	0	3
6857	NA	NA	NA	NA	NA	NA	NA	NA
6041	521	5527	2.51	2.28	11.63	1	0	1
6921	NA	5538	NA	4.31	NA	NA	0	NA
1217	531	917	5.1	13.35	22.85	0	0	0
6693	5635	3456	6.4	9.43	22.82	0	0	0
4891	1852	3093	6.29	59.52	19.15	0	0	0
4916	1580	1542	-4.02	5.42	8.94	0	0	0
6297	5842	5333	3.64	7.13	17.89	0	0	0
670	NA	NA	NA	NA	NA	NA	NA	NA
440	NA	NA	NA	NA	NA	NA	NA	NA
470	NA	22	NA	3.2	NA	NA	0	NA
1303	521	498	-13.22	3.32	92.39	0	0	0
1167	450	629	0.1	6.04	21.37	0	0	0
928	NA	510	NA	10.92	NA	NA	0	NA
4262	1043	1306	3.92	-13.41	13.67	0	0	0
6013	5324	1869	17.76	4.5	12.31	0	0	0
552	NA	NA	NA	NA	NA	NA	NA	NA
675	NA	NA	NA	NA	NA	NA	NA	NA
878	NA	NA	NA	NA	NA	NA	NA	NA
839	NA	NA	NA	NA	NA	NA	NA	NA
874	596	497	-0.29	7.48	15.65	0	0	0
6708	5632	1723	-10.71	3.62	7.22	0	1	2
1290	862	1198	-0.35	39.97	30.23	0	0	0
1026	608	510	5.55	-1.01	8.66	0	0	0
1300	528	NA	-4.69	NA	NA	3	NA	NA
329	430	NA	6.75	NA	NA	0	NA	NA
1425	1403	849	-9.25	7.27	17.17	0	0	0
505	NA	467	NA	3.07	NA	NA	1	NA
556	NA	NA	NA	NA	NA	NA	NA	NA
5762	4942	4872	-7.16	2.84	2.72	3	0	3
5833	3490	4943	6.16	-38.73	-58.74	0	2	2
5535	2968	5240	13.48	12.54	0.7	0	0	1
6044	4896	5639	14.92	-4.08	26.54	0	0	0
5609	5282	3492	17.27	6.86	6.15	0	0	0
5763	3603	3093	-5.11	5.16	-1.69	1	0	1
6163	4896	5639	12.11	2.95	21.82	0	0	0
5752	5282	5462	8.47	10.47	28.39	0	0	0
5634	3022	1616	-0.15	14.13	17.35	0	0	0
6034	5466	2974	5.3	11.87	-1.47	0	0	3
5751	1580	3643	-3.45	11.2	13.68	0	0	0
6141	1826	5780	11.1	0.99	24.88	0	0	0
6155	5683	5837	2.92	5.47	15.74	0	0	0
6137	3641	5555	-6.71	7.63	2.95	2	2	4
6182	1717	1749	4.7	12.58	20.55	0	0	1
5544	NA	1611	NA	14.34	NA	NA	0	NA
5531	4965	1616	4.81	12.44	26.75	0	0	0
5824	5573	NA	6.35	NA	NA	0	NA	NA
5622	4965	1616	5.66	14.51	34.51	0	0	0
5755	4965	1616	-24.24	16.62	8.8	0	0	0
5846	3491	5290	5.02	15.33	18.46	0	0	0
5565	1765	5072	3.96	18.87	-15.96	0	0	2
5774	1763	3456	-0.34	9.16	4.94	0	0	0
5908	5634	5291	-9.6	12.88	1.75	0	0	0
5902	5212	5559	-5.86	8.32	15.2	0	0	0
6185	1589	1583	-5	0.6	-6.5	1	0	4
6028	5284	1762	3.32	10.51	25.67	0	0	0
5835	5164	2966	6.45	4.51	28.46	0	0	0
6017	5549	5612	-0.03	13.74	20.2	0	0	0
6009	4958	5626	-11.63	2.11	4.36	0	0	0
6024	1864	5333	11.07	14.3	15.18	0	0	0
6047	1605	5837	19.91	8.92	15.81	0	0	0
5761	5195	1881	13.64	-8.25	16.41	0	0	0
5584	3086	5204	2.98	3.77	18.53	0	0	0
5820	4904	5447	2.28	3.96	13.46	0	0	0
5682	5320	1762	-0.41	2.47	12.99	0	0	0
5556	5160	4854	11.22	-6.28	25.63	0	0	0
6169	5128	5118	9.43	12.5	22.57	0	0	0
6167	5596	5820	13.24	7.5	6.06	0	0	4
6186	4861	5583	3.25	-27.02	20.33	0	0	0
5756	NA	2991	NA	6.76	NA	NA	0	NA
5901	3453	5262	-0.17	4.47	14.2	0	0	0
5847	5598	5249	6.73	2.4	16.36	0	0	0
5643	5277	5240	21.23	7.72	6.61	0	0	0
6138	927	5559	-3.49	3.41	7.07	2	0	4
5855	5549	5522	4.83	4.46	25.97	0	0	0
5780	3490	3087	8.49	5.42	26	0	0	0
6179	5845	5292	6.55	14.84	19.68	0	0	0
5823	5163	5072	5.07	29.57	15.75	0	0	0
5679	3616	4890	14.24	-1.01	12.34	0	0	0
5759	3574	4866	6.72	-0.27	25.03	0	0	0
6184	NA	5456	NA	22.93	NA	NA	0	NA
6180	3567	5822	9.6	13.26	11.17	0	0	0
6022	5074	1223	4.16	-6.87	-5.9	1	0	4
5683	5162	5077	4.13	4.53	18.27	0	0	0
5551	3567	1709	12.01	2.85	3.26	0	3	4
5830	NA	NA	NA	NA	NA	NA	NA	NA
5548	3444	1731	0.14	16.64	18.69	0	0	0
6187	5282	5462	1.62	11.64	28.06	0	0	0
1527	531	849	3.62	8.79	20.9	0	0	2
5591	5163	5072	9.1	4.79	20.48	0	0	0
6015	5685	5285	11.79	6.71	26.24	0	0	0
1044	524	634	20.12	5.36	20.42	0	0	0
635	NA	NA	NA	NA	NA	NA	NA	NA
1216	308	216	17.74	0.09	26.28	0	0	0
5649	3451	4966	26.01	10.47	68.03	0	0	0
1403	531	776	7.01	-5.5	25.2	0	0	0
824	474	NA	4.62	NA	NA	0	NA	NA
168	NA	NA	NA	NA	NA	NA	NA	NA
553	329	NA	18.45	NA	NA	0	NA	NA
1428	524	865	3.74	16.62	37.95	0	0	0
794	NA	NA	NA	NA	NA	NA	NA	NA
541	NA	22	NA	4.16	NA	NA	0	NA
834	168	632	-3.35	2.81	11.52	0	0	0
4804	3487	1543	9.6	28.48	29.65	0	0	0
636	NA	NA	NA	NA	NA	NA	NA	NA
5764	5452	5334	-12.98	2.99	11.72	0	0	0
6033	NA	NA	NA	NA	NA	NA	NA	NA
1059	872	602	17.73	16.07	14.48	0	0	0
1502	1517	1062	11.8	11.39	30.52	0	0	0
555	472	NA	5.46	NA	NA	0	NA	NA
1571	1042	176	12.38	-2.15	12.96	0	0	0
1034	927	922	1.62	14.64	13.53	0	0	2
6012	5845	5249	47.2	4.61	17.32	0	0	0
5906	1772	5338	-4.61	14.07	33.17	0	0	0
6011	5621	1607	4.72	3.97	13.85	0	0	0
5630	5319	1881	0.5	0.82	6.91	0	0	0
855	NA	465	NA	1.86	NA	NA	0	NA
5905	5465	5235	6.03	15.41	26.58	0	0	0
881	NA	NA	NA	NA	NA	NA	NA	NA
6026	5530	3089	3.97	27	17.63	0	0	0
5075	NA	NA	NA	NA	NA	NA	NA	NA
5536	1763	1722	15.42	9.87	13.85	0	0	1
1161	308	216	18.31	7.46	30.4	0	0	0
1024	NA	NA	NA	NA	NA	NA	NA	NA
1276	NA	NA	NA	NA	NA	NA	NA	NA
1271	840	NA	12.41	NA	NA	0	NA	NA
507	217	NA	4	NA	NA	0	NA	NA
1487	1362	1163	-13.11	3.32	-12.19	0	0	3
1489	NA	NA	NA	NA	NA	NA	NA	NA
1363	1049	1241	9.84	10.57	8	0	0	2
1519	456	1236	-11.52	-1.53	46.57	3	0	3
1191	297	633	-5.69	-13.45	19.17	0	0	2
1272	NA	NA	NA	NA	NA	NA	NA	NA
455	NA	NA	NA	NA	NA	NA	NA	NA
221	NA	NA	NA	NA	NA	NA	NA	NA
1390	932	1274	0.5	24.01	3.2	0	0	0
1153	NA	467	NA	3.17	NA	NA	0	NA
1609	1177	NA	5.15	NA	NA	0	NA	NA
1619	1436	1381	19.4	6.36	11.49	0	0	0
1195	NA	879	NA	5.39	NA	NA	2	NA
1499	595	495	3.79	-0.25	12.53	0	0	0
1806	NA	1587	NA	9.68	NA	NA	0	NA
1045	503	470	-8.19	2.7	20.89	0	0	1
1387	308	1274	10.03	15.7	3.72	0	0	0
850	163	510	-6.64	3.8	6.19	0	0	0
927	NA	NA	NA	NA	NA	NA	NA	NA
886	NA	NA	NA	NA	NA	NA	NA	NA
1047	NA	922	NA	7.56	NA	NA	1	NA
1176	430	NA	6.5	NA	NA	0	NA	NA
3516	1790	1731	3.11	13.31	20.97	0	0	0
4882	1665	497	5.4	-0.91	17.65	0	0	0
3018	1854	1029	10.92	6.72	15.82	0	0	0
1156	454	216	2.99	0.22	15.34	0	0	0
1754	1355	1234	17.56	7.08	20.94	0	0	0
1152	199	609	5.41	3.59	27.88	0	0	0
1170	915	941	-6.75	9.98	17.83	0	0	0
608	163	NA	-1.78	NA	NA	0	NA	NA
951	457	507	7.17	4.62	25.8	0	0	0
5164	1401	1877	-12.38	19.02	10.35	0	0	0
1576	859	929	1.91	3.93	32.22	0	0	0
2976	1380	602	12.5	15.08	2.68	0	0	0
1197	NA	509	NA	12.9	NA	NA	0	NA
450	NA	NA	NA	NA	NA	NA	NA	NA
1501	826	216	13.42	7.25	31.97	0	0	0
1408	1046	NA	7.12	NA	NA	0	NA	NA
869	561	467	8.74	4.05	27.12	0	0	0
1831	1757	1523	-2.26	2.77	19.45	0	0	0
917	558	NA	4.54	NA	NA	3	NA	NA
1554	308	1274	11.63	21.1	19.57	0	0	0
1709	1049	1608	4.74	3.03	-9.64	0	0	0
3517	NA	1882	NA	20.53	NA	NA	3	NA
1288	635	636	-0.69	0.89	16.04	0	0	0
1532	596	911	-3.59	-7.95	-1.57	0	0	0
1383	NA	1212	NA	-1.57	NA	NA	0	NA
467	NA	NA	NA	NA	NA	NA	NA	NA
1543	199	609	10.47	-1.75	25.23	0	0	0
663	NA	44	NA	11.21	NA	NA	0	NA
1160	450	629	-0.72	-4.4	17.27	0	0	0
499	308	21	5.81	0	5.25	0	0	4
639	NA	NA	NA	NA	NA	NA	NA	NA
832	NA	607	NA	-6.86	NA	NA	0	NA
3005	1437	1579	-6.85	14.14	13.04	0	0	0
1386	878	947	2.8	22.71	35.22	0	0	0
602	NA	75	NA	10.54	NA	NA	0	NA
3578	1685	1608	14.84	21.24	10.71	0	1	1
3591	1532	911	24.79	6.04	8.18	0	0	0
1787	503	1184	-3.39	18.63	26.71	0	0	0
1029	217	836	-4.82	28.97	14.27	0	0	0
3091	1665	1623	15.97	3.56	25.45	0	0	0
1244	1235	NA	30.25	NA	NA	0	NA	NA
1202	NA	849	NA	-3.75	NA	NA	3	NA
912	1017	178	12.79	0.38	11.92	0	0	2
3001	1725	1610	3.85	-1.4	14.24	0	0	0
1173	677	673	5.11	-30.82	29.52	0	0	0
3460	1725	1587	4.56	11.36	19.56	0	0	0
1857	1753	1349	-8.83	-0.63	5.86	0	0	0
1590	826	1274	3.53	1.69	15.97	0	0	1
1742	1715	1542	13.89	8.99	20.83	3	0	3
1355	168	884	3.42	6.65	32.17	0	0	0
1722	1401	1185	-8.5	6.09	9.42	0	0	0
865	NA	559	NA	2.64	NA	NA	0	NA
3019	1717	NA	2.99	NA	NA	2	NA	NA
1491	931	1223	6.51	-2.57	6.45	0	1	3
1493	835	1031	1.86	14.56	17.97	0	0	0
1702	937	868	-12.12	1.32	-9.43	0	1	2
1437	930	1194	-0.79	6.08	6.66	0	0	3
3464	1778	1607	-0.96	6.26	10.24	0	0	0
3457	1717	1797	2.29	8.37	6.02	0	0	0
1040	NA	NA	NA	NA	NA	NA	NA	NA
1166	855	605	7.53	6.72	20.03	0	0	0
3459	608	1018	-5.97	18.73	-1.5	0	0	0
1496	1160	1047	-0.43	6.02	22.29	0	0	0
1130	163	510	3.38	-7.42	11.09	0	0	0
932	308	216	17.8	-0.4	22.68	0	0	0
500	NA	NA	NA	NA	NA	NA	NA	NA
1890	1735	1381	2.8	3.55	20.06	0	0	0
1043	598	42	23.93	-5.08	16.48	0	0	0
915	444	293	29.7	5.76	27.71	0	0	0
1610	1170	917	11.34	8.06	19.79	0	0	0
1434	521	200	3.29	-5.05	0.67	1	0	4
1540	869	1178	1.97	15.55	42.29	0	0	0
1558	430	1041	-0.11	-7.72	32.41	0	0	3
1416	NA	NA	NA	NA	NA	NA	NA	NA
1726	1561	1504	18.83	7.72	8.17	0	0	0
1564	1192	1041	-11.61	3.37	23.07	1	3	4
1699	1552	1602	17.83	11.15	10.37	0	2	4
1018	NA	523	NA	1.67	NA	NA	0	NA
557	NA	448	NA	-0.45	NA	NA	0	NA
1182	NA	NA	NA	NA	NA	NA	NA	NA
1209	NA	NA	NA	NA	NA	NA	NA	NA
1194	855	NA	6.96	NA	NA	0	NA	NA
1556	1369	1032	9.97	8.08	20.65	0	0	0
1555	442	609	-28.79	6.9	43.15	3	0	3
1591	1059	1020	1.86	5.96	9.3	0	0	1
1551	869	1178	-1.15	0.5	36.99	0	0	0
1666	1297	42	-0.62	-1.06	6.95	0	0	1
1063	528	178	42.06	6.78	85.89	0	0	0
5320	1824	1165	25.87	5.23	67.41	0	0	1
5220	3517	1579	1.18	12.07	10.32	0	0	0
1549	1042	176	-10.02	9.13	13.9	0	0	0
1248	912	922	8.18	13.4	33.77	0	0	0
1788	1401	1551	-7.75	4.83	9.2	0	0	0
1672	1423	1306	2.34	-4.09	11.88	0	0	0
1597	543	1198	12.9	-5.2	6.93	0	0	0
522	NA	477	NA	11.9	NA	NA	0	NA
1550	1182	886	9	9.81	37.4	0	0	0
1423	447	1203	10.9	-0.91	15.45	0	0	0
1867	1674	1029	15.2	8.5	26.62	0	0	0
1566	1160	1179	2.1	0.86	28.63	0	0	0
1218	NA	547	NA	-2.55	NA	NA	0	NA
1490	1173	1041	9.69	-4.84	9.76	0	0	0
1385	604	216	0.26	10.78	7.24	0	0	0
1511	840	NA	14.65	NA	NA	0	NA	NA
1526	504	497	10.8	-1.99	11.56	0	0	0
1728	NA	1440	NA	5.24	NA	NA	0	NA
1524	938	1028	23.99	17.29	32.08	0	0	0
1348	930	495	-0.47	11.25	11.77	0	0	0
1268	914	1040	12.2	5.49	27.62	0	0	0
668	NA	544	NA	28.1	NA	NA	0	NA
1557	604	921	-9.23	22.38	17.28	0	0	0
1518	1401	1185	2.35	8.56	12.51	0	0	0
1570	627	467	0.75	9.07	22.21	0	0	0
1673	1409	1543	0.3	25.93	29.69	0	0	0
1020	441	436	4.48	-0.26	9.51	0	0	1
1538	449	1027	-1.83	-0.22	74.3	0	0	4
1022	NA	824	NA	11.74	NA	NA	0	NA
1397	NA	494	NA	19.79	NA	NA	0	NA
1432	504	44	9.61	13.6	37.67	0	0	0
1572	1369	1032	0.08	16.14	26.8	0	0	0
1514	1059	494	22.9	-0.46	14.39	0	0	0
1028	543	545	-29.58	3.07	-17.9	0	0	0
1380	561	467	3.52	7.15	28.36	0	0	0
1612	NA	NA	NA	NA	NA	NA	NA	NA
1547	1404	676	3.09	-0.85	14.19	3	0	3
1573	476	510	-0.49	-2.56	6.17	0	0	0
677	NA	200	NA	10.22	NA	NA	0	NA
1262	474	884	2.48	6.44	4.46	0	0	0
1536	1401	1040	4.58	1.32	21.09	0	0	1
837	500	494	-0.89	8.45	17.68	0	0	0
1203	NA	NA	NA	NA	NA	NA	NA	NA
1525	927	1686	-9.8	-13.28	1.48	3	0	3
1431	561	467	4.4	7.48	23.81	0	0	0
632	NA	NA	NA	NA	NA	NA	NA	NA
1623	840	497	12.55	4.66	52.61	0	0	0
1357	853	865	3.23	19.4	17.85	0	0	0
64	NA	NA	NA	NA	NA	NA	NA	NA
1498	666	1028	16.88	37.59	12.94	0	0	0
1178	455	NA	11.81	NA	NA	0	NA	NA
1366	1158	1041	16.3	-0.58	0.85	0	0	3
1545	1432	1187	26.2	6.17	39.99	0	0	0
1579	1170	1063	14.11	10.99	21.2	0	0	0
497	NA	NA	NA	NA	NA	NA	NA	NA
1198	NA	642	NA	-4.84	NA	NA	0	NA
1409	840	597	-9.58	-6.78	0.67	0	0	0
1200	878	NA	-0.33	NA	NA	0	NA	NA
1422	1049	632	12.78	-7.98	35.55	0	0	0
501	594	29	13.72	-12.71	3.72	0	0	0
1593	1046	1040	10.52	4.12	39.62	0	0	3
1608	1247	494	11.4	10.73	26.76	0	0	0
1184	604	NA	2.73	NA	NA	0	NA	NA
1711	1158	1396	-12.65	-12.05	12.16	0	0	0
1589	1382	NA	11.23	NA	NA	0	NA	NA
868	NA	499	NA	10.15	NA	NA	0	NA
1763	1152	1349	-1.59	11.37	3.13	0	0	0
1177	NA	636	NA	0.2	NA	NA	1	NA
1392	NA	NA	NA	NA	NA	NA	NA	NA
1606	595	1499	3.79	51.38	96.55	0	0	0
1500	1152	609	-2.67	-1.82	82.98	0	0	1
528	64	178	3.63	4.91	21.46	0	0	0
1767	823	526	-0.97	-8.27	-7.95	3	0	4
1541	459	1290	1.39	6.7	13.3	0	0	0
1790	1403	1533	-2.76	14.13	18.96	0	0	0
922	NA	549	NA	9.56	NA	NA	2	NA
1743	1200	1237	2.95	1.07	12.02	1	0	3
503	NA	NA	NA	NA	NA	NA	NA	NA
1823	1172	1171	10.98	10.73	38.2	0	0	0
5145	1429	1886	-5.48	6.41	-1.25	0	0	0
1219	NA	1039	NA	-4.62	NA	NA	0	NA
1369	459	947	-27.39	-12.54	-1.18	0	0	0
4872	3698	1489	3.58	1.12	8.3	0	0	0
1752	1200	1553	7.76	18.05	8.65	0	0	1
504	1017	NA	18.55	NA	NA	0	NA	NA
3505	1580	1040	-3.35	1	4.22	0	0	0
1163	912	922	24.55	2.25	6.77	0	0	0
550	NA	NA	NA	NA	NA	NA	NA	NA
5141	1776	1543	-2.71	23.74	9.62	1	0	4
510	462	465	3.79	5	46.42	0	0	0
1877	1893	1524	5.21	15.87	8.93	0	0	0
5155	1361	1698	17.18	25.45	29.86	0	0	0
308	NA	75	NA	-3.42	NA	NA	0	NA
1361	1207	499	40.25	9.83	5.73	0	0	1
1805	1193	1747	17.99	-5.35	16.69	0	0	0
4888	1895	1754	3.17	1.3	16.91	0	0	0
5447	2989	1731	2.04	11.31	16.23	0	0	0
676	NA	NA	NA	NA	NA	NA	NA	NA
3596	1401	1877	16.29	-2.74	1.68	0	0	0
3520	NA	1611	NA	5.75	NA	NA	0	NA
1181	NA	1183	NA	24.01	NA	NA	0	NA
1199	NA	854	NA	11.25	NA	NA	0	NA
5332	1605	5071	8.99	-3.04	0.45	0	0	1
1871	1401	1524	2.15	13	20.25	0	0	0
2990	NA	1755	NA	-1.71	NA	NA	3	NA
1783	1305	1595	8.98	18.77	23.25	0	0	0
4915	2963	1196	-10.15	8.44	8.75	0	0	0
1762	927	501	2.77	13.7	22.69	0	0	0
4884	1697	1722	6.61	-12.4	24.78	0	0	0
5080	2963	1796	3.81	-0.11	26.01	0	0	0
1384	1246	609	-8.98	1.8	24.46	0	0	0
5162	NA	NA	NA	NA	NA	NA	NA	NA
1381	NA	847	NA	2.97	NA	NA	0	NA
1740	930	1485	4.64	9.43	31.48	0	0	0
858	665	NA	6.28	NA	NA	0	NA	NA
1274	560	1178	-1.28	13.09	8.37	0	3	3
5099	1530	4866	0.52	8.69	13.1	1	1	2
5121	3698	1489	10.43	9.01	34.37	0	0	0
4902	NA	NA	NA	NA	NA	NA	NA	NA
3088	1716	1774	-1.68	24.86	22.88	0	0	0
1581	1161	525	6.81	-10.98	18.28	0	0	0
3449	1614	NA	-0.18	NA	NA	0	NA	NA
1358	1019	494	1.47	8.58	16.79	0	0	0
1854	1771	NA	6.1	NA	NA	0	NA	NA
1159	297	634	-0.3	-12.69	2.44	0	0	0
3021	1558	1699	8.72	-1.52	8.71	0	0	0
1584	848	1370	9.5	-3.54	23.69	0	0	0
5139	NA	NA	NA	NA	NA	NA	NA	NA
4936	1827	1783	8.57	18.12	26.08	0	0	0
1685	1049	776	6.97	-16.04	17.75	0	0	0
4918	NA	3964	NA	1.32	NA	NA	2	NA
5325	5075	5000	9.72	13.31	19.57	0	0	0
5071	1532	911	23.31	7.19	10.21	0	0	0
911	594	29	1	-10.15	23.53	0	0	0
849	NA	544	NA	22.52	NA	NA	0	NA
4941	1017	1268	13.67	15.58	18.61	0	1	3
1830	NA	1522	NA	11.29	NA	NA	3	NA
3519	1346	1773	-5.58	24.94	2.68	0	0	0
5262	NA	NA	NA	NA	NA	NA	NA	NA
1187	596	497	-4.78	7.94	18.2	0	0	0
1185	522	854	5.05	-3.05	15.22	1	0	2
5314	441	1582	-4.05	-2.74	4.14	1	0	3
4894	1244	2990	1.38	-8.26	13.81	0	0	0
44	NA	29	NA	4.2	NA	NA	0	NA
498	NA	NA	NA	NA	NA	NA	NA	NA
509	NA	29	NA	1.09	NA	NA	0	NA
5269	1707	664	13.35	10	11.25	0	0	0
5168	4969	3565	7.86	-1.16	6.29	0	0	1
1669	1503	1209	3.56	12.84	12.45	0	0	0
4912	2963	1196	-0.28	11.72	8.74	0	0	0
3444	1764	478	16.05	28.94	8.13	0	0	0
5119	1580	507	-3.39	2.96	4.04	0	0	0
5260	3491	1523	8.04	-0.89	15.65	0	0	0
172	NA	293	NA	16.01	NA	NA	0	NA
5137	1776	2991	-2.09	-3.01	14.5	0	0	0
1429	915	847	15.62	2.21	18.02	0	0	0
3590	2963	1796	59.63	1.2	8.12	0	0	0
3002	1782	1495	18.74	12.72	24.78	0	0	0
5449	3604	1533	11.86	11.43	29.5	0	0	0
1577	308	1274	2.65	18.72	14.2	0	0	0
5147	NA	824	NA	11.15	NA	NA	0	NA
5312	1854	1029	7.93	0.71	18.66	0	0	0
5287	3446	1534	-8.01	-2.15	8.14	0	1	2
5226	NA	NA	NA	NA	NA	NA	NA	NA
1186	604	603	4.87	5.93	26.3	0	0	0
5285	3606	1394	9.07	2.12	23.35	0	0	0
5315	5160	NA	8.92	NA	NA	2	NA	NA
1870	1892	1754	1.44	12.08	14.08	0	0	0
4868	1559	1711	3.19	4.62	25.07	0	0	0
3006	1170	1871	7.7	22.01	30.52	0	0	0
4901	558	1616	1.27	14.79	3.69	2	0	3
1876	1660	1268	7.57	6.69	8.78	0	0	0
1883	1275	1168	2.8	16.93	7.9	0	0	0
1885	1024	1412	2.92	0.15	19.03	0	0	0
4879	3003	1710	-11.71	22.09	5.83	0	0	0
1037	521	881	10.43	8.17	36.38	0	0	4
4867	1516	888	3.01	-5.34	10.8	1	0	3
4907	3507	1587	23.37	4.3	17.08	0	0	0
1225	635	636	3	1.68	22.46	0	0	0
3575	1824	NA	19.63	NA	NA	0	NA	NA
4903	NA	1381	NA	4.52	NA	NA	0	NA
2973	NA	544	NA	9.06	NA	NA	0	NA
1588	1382	847	4.98	0.98	20.41	0	0	0
3691	1043	1412	7.9	8.63	9.47	0	0	0
4899	NA	NA	NA	NA	NA	NA	NA	NA
3690	1589	929	-2.46	2.41	18.53	0	0	0
1486	601	506	-1.17	13.44	18.4	0	0	0
3647	2989	1731	5.41	6.49	19.87	0	0	0
4933	3453	1699	2.08	6.12	13	0	0	0
1874	1669	1213	39.74	17.13	25.76	0	0	0
3602	1193	1768	18.22	-10.9	5.56	0	0	0
3499	1716	2976	1.13	-1.41	10.63	0	0	0
3688	1791	1509	25.07	11.12	8.14	0	0	0
3568	1782	1881	13.14	-2.93	16.24	0	0	0
1418	912	922	18.05	4.28	6.61	0	0	0
3504	930	1485	1.32	14.46	12.88	0	0	0
3617	1827	1783	14.26	11.7	28.73	0	0	0
3510	3698	NA	6.09	NA	NA	0	NA	NA
1224	NA	1164	NA	-2.31	NA	NA	3	NA
5161	1872	1777	8.21	4.26	4.07	0	0	0
3092	832	1356	-3.84	27.92	60.06	0	0	3
2980	1758	1695	-1.93	3.97	18.15	0	0	0
3689	862	911	8.18	10.13	50.07	0	0	3
3579	1536	1512	8.09	18.33	27.49	0	0	0
5341	1854	1029	-7.44	10.9	20.84	0	0	0
2967	1800	921	2.37	9.11	18.71	0	1	1
1364	1173	1159	-9.9	0.52	26	0	0	0
5123	4868	3460	5.97	4.38	3.74	0	1	1
3577	3022	1829	16.16	4.24	16.19	0	0	1
5079	3568	1738	9.99	8.65	22.15	0	0	1
4870	1536	1199	2.95	14.4	17.44	0	0	0
1596	168	1045	2.15	2.04	0.74	0	0	0
1897	927	501	0.42	15.21	24.58	0	0	0
3652	1024	1616	12.43	4.71	33.06	0	0	0
5336	NA	1577	NA	14.18	NA	NA	0	NA
1528	1304	668	-17.84	8.25	3.11	0	0	0
5337	1612	1710	-5.27	31.78	8.19	1	0	4
3502	1895	1754	2.62	17.06	30.99	0	0	0
3702	NA	1877	NA	14.73	NA	NA	0	NA
1583	951	1196	13.37	10.24	11.44	0	0	0
3653	3094	2964	4.55	4.66	4	0	3	3
3503	1487	1020	7.36	6.68	20.57	0	2	3
5277	4973	448	-5.1	5.76	4.04	0	1	1
3651	1678	1412	-2.28	-4.81	7.93	0	0	0
3649	NA	2980	NA	23.1	NA	NA	1	NA
1802	524	865	12.5	6.12	36.14	0	0	0
1896	1305	1595	12.23	1.46	10.71	0	0	0
1582	1161	849	12.33	0.72	3.79	0	0	0
1394	832	1041	5.09	4.75	7.59	0	0	0
3600	1760	1829	10.89	5.91	8.18	0	0	0
2969	NA	NA	NA	NA	NA	NA	NA	NA
1594	1415	1165	19.09	-4.97	104.39	0	0	0
2985	1765	921	16.59	9.97	13.21	0	0	0
1580	1403	525	6.11	-16.64	16.38	0	0	0
1592	853	629	-1.59	-3.32	12.82	0	0	0
1586	503	1214	-7.36	48.16	139.18	0	0	0
5125	2985	1752	4.06	2.19	15.34	0	0	0
1889	1170	1440	6.27	10.66	8.7	0	0	3
1600	524	865	9.51	4.64	36.21	0	0	0
1601	925	1287	0.7	17.61	19.77	0	0	0
5455	1765	1752	-0.24	8.73	19.28	0	0	0
1848	1059	1666	10.63	1.95	10.35	0	0	0
1595	NA	NA	NA	NA	NA	NA	NA	NA
1757	677	1028	15.76	10.23	9.67	0	0	0
3650	1781	1871	3.63	9.22	14.21	0	0	0
5254	1678	1412	-7.84	-0.84	17.58	0	0	0
3513	NA	NA	NA	NA	NA	NA	NA	NA
5169	3094	1739	2.16	17.33	5.23	0	0	0
5452	1271	1869	17.58	11.26	23.85	0	0	0
3521	1415	1040	6.61	-2.09	15.86	0	0	0
1602	1544	1187	7.89	4.85	7.53	0	0	0
1599	1501	NA	38.44	NA	NA	0	NA	NA
1708	NA	1595	NA	-14.14	NA	NA	3	NA
3086	1536	1787	0.37	23.4	18.8	0	0	0
2963	1672	1533	16.87	-15.14	0.5	0	0	0
4956	1685	1608	8.39	-14.05	2.74	0	1	1
1306	NA	NA	NA	NA	NA	NA	NA	NA
5339	1826	1721	5.77	-7.82	13.4	0	0	0
1345	455	507	-0.15	0.34	4.86	0	0	0
1578	NA	1243	NA	-1.85	NA	NA	2	NA
1585	595	495	-34.61	-7.89	-11.65	0	0	0
2975	1870	1720	6.9	11.48	14.01	1	0	3
5281	3451	1801	-8.13	6.52	10.41	0	0	0
4895	NA	NA	NA	NA	NA	NA	NA	NA
3004	1193	1590	15.53	1.28	24.5	0	0	0
3008	1605	497	0.2	1.31	2.3	0	0	0
1750	1362	1187	11.82	-7.51	18.03	0	0	0
3701	1043	1682	27.15	6.73	9.67	0	0	0
2979	1674	1543	4	17.79	25.31	0	0	0
4893	845	1681	17.11	-5.73	22.57	0	0	3
5278	471	890	-4.8	12.45	-3.64	2	0	4
3581	1200	1553	19.04	2.22	28.39	0	0	0
1782	1193	1178	6.4	13.94	30.97	0	0	0
5288	5247	1869	9.05	12.91	8.08	0	0	3
5216	3595	3457	3.35	5.69	17.12	0	0	0
5160	1790	1731	8.1	9.2	22.42	0	0	0
1559	NA	499	NA	3.67	NA	NA	0	NA
3594	1740	1545	13.7	16.81	4.51	0	0	0
3512	1042	1590	17.73	21.58	13.58	0	0	0
3599	1697	1196	17.53	-7.83	28.06	0	0	0
3565	1782	1881	12.84	0.93	17.69	0	0	0
5265	1790	1731	4.29	1.94	18.57	0	0	0
3506	1559	1165	12.82	1.21	5.78	0	0	4
5284	3094	1739	10.95	-4.78	1.02	0	0	0
1051	858	857	5.88	-5.52	11.62	0	0	0
1844	1415	1040	13.47	-5.71	10.82	0	0	0
5318	1589	1762	-0.01	3.72	8.33	0	0	0
5280	3505	NA	20.5	NA	NA	0	NA	NA
3618	1369	890	16.07	16.71	18.29	0	0	0
1744	308	921	15.91	-16.32	24.1	0	0	0
4908	NA	1878	NA	13.99	NA	NA	0	NA
4887	NA	NA	NA	NA	NA	NA	NA	NA
5268	1438	1708	5.52	19.58	17.79	0	0	0
4886	2963	1709	5.9	7.83	19.83	0	0	0
3511	1195	1579	1.1	-17.63	-6.11	0	0	0
1196	869	830	3.03	-3.49	0.92	3	0	3
2989	NA	NA	NA	NA	NA	NA	NA	NA
1204	NA	824	NA	-0.85	NA	NA	0	NA
5247	1536	5126	9.38	25.69	14.89	0	1	1
3573	2975	1611	10.34	11.97	20.96	0	0	0
5194	NA	1601	NA	4.83	NA	NA	1	NA
1031	168	605	1.7	13.59	28.23	0	0	0
5118	1717	1797	1.81	13.41	29.73	0	0	0
4947	666	1777	18.85	10.86	21.93	0	0	0
5197	3085	1729	-8.75	-6.68	16.79	0	0	0
5159	NA	NA	NA	NA	NA	NA	NA	NA
3500	2987	1739	18.12	4.3	5.82	0	0	0
3501	1437	1623	-2.55	-5.52	12.77	0	0	0
792	NA	NA	NA	NA	NA	NA	NA	NA
2984	1589	929	-7.65	4.27	12.68	0	0	0
2964	NA	824	NA	0.56	NA	NA	3	NA
4934	3453	1699	-6.96	4.87	2.13	0	0	0
3695	1437	1623	-25.63	12.34	10.29	0	0	0
5212	4974	4888	16.44	-11.62	-16.75	0	0	3
1803	1580	1040	10.46	-6.56	7.51	0	0	0
3601	1772	1729	0.38	-2.23	15.56	0	0	0
3515	1369	1744	12.33	3.29	20.72	0	0	0
5204	3569	3456	8.52	10.33	23.26	0	0	0
4802	1155	1808	-7.49	15.4	21.9	0	0	0
521	NA	498	NA	9.08	NA	NA	0	NA
4881	1707	1604	6.66	-7.23	8.19	0	0	0
1663	1490	1031	14.37	4.44	29.13	0	0	0
4880	1042	51	-4.05	0.51	13.77	0	2	2
4944	NA	1303	NA	-0.3	NA	NA	0	NA
4905	NA	1711	NA	9.27	NA	NA	0	NA
3566	1552	1356	-3.31	8.2	12.74	0	0	0
3095	1518	NA	2.45	NA	NA	1	NA	NA
1360	630	1041	15.95	21.51	4.03	0	0	0
3598	NA	NA	NA	NA	NA	NA	NA	NA
845	NA	545	NA	8.37	NA	NA	0	NA
495	451	NA	24.68	NA	NA	0	NA	NA
1221	NA	NA	NA	NA	NA	NA	NA	NA
5276	2963	1722	2.69	1.02	24.47	0	0	0
1616	1384	1370	2.5	14.42	11.87	0	0	0
3509	3508	1171	34.27	12.19	15.94	0	0	0
3648	1851	1199	10.43	3.76	12.68	0	0	0
3642	NA	916	NA	11.5	NA	NA	1	NA
5323	3002	1581	9.92	-10.21	5.88	0	0	0
1523	949	557	9.52	6.36	22.06	0	0	0
199	NA	NA	NA	NA	NA	NA	NA	NA
3641	919	1616	-19.21	-5.96	21.48	0	0	0
3461	1403	1533	13.09	10.44	19.52	0	0	0
3593	1893	1871	9.05	16.21	30.92	0	0	0
3644	1580	1766	4.92	5.25	24.41	0	0	0
1269	NA	1183	NA	33.36	NA	NA	3	NA
3491	1605	497	8.14	4.38	17.33	0	0	0
1886	1517	544	0.61	-3.88	14.85	0	0	0
3643	1665	497	5.4	-0.91	17.65	0	0	0
3576	1864	1666	11.12	0.01	23.02	0	0	0
929	NA	NA	NA	NA	NA	NA	NA	NA
1587	938	550	17.97	-12.51	31.74	0	0	0
1032	827	606	-0.13	1.18	16.64	0	0	0
1404	454	221	15.72	1.83	10.15	0	0	0
559	NA	NA	NA	NA	NA	NA	NA	NA
3597	1170	1579	16.81	4.81	1.42	0	0	0
42	NA	NA	NA	NA	NA	NA	NA	NA
925	541	NA	12.19	NA	NA	0	NA	NA
884	775	467	0.57	2.63	45.7	0	0	0
872	NA	636	NA	7.27	NA	NA	0	NA
833	541	NA	-1.59	NA	NA	1	NA	NA
873	601	NA	0.03	NA	NA	0	NA	NA
3016	1589	1029	5.47	18.71	21.25	0	0	0
1411	NA	1232	NA	9.24	NA	NA	0	NA
1207	1186	498	-0.78	2.76	9.24	1	0	4
200	NA	NA	NA	NA	NA	NA	NA	NA
1052	NA	NA	NA	NA	NA	NA	NA	NA
465	NA	NA	NA	NA	NA	NA	NA	NA
4906	1193	NA	30.14	NA	NA	0	NA	NA
6560	5678	NA	7.77	NA	NA	0	NA	NA
78	NA	NA	NA	NA	NA	NA	NA	NA
889	442	609	21.39	0.67	68.2	0	0	0
890	NA	916	NA	15.25	NA	NA	2	NA
1223	NA	1020	NA	12.65	NA	NA	1	NA
1700	1508	865	6.42	14.82	34.36	0	0	0
459	NA	NA	NA	NA	NA	NA	NA	NA
641	NA	NA	NA	NA	NA	NA	NA	NA
456	NA	NA	NA	NA	NA	NA	NA	NA
1273	522	477	-17.21	4.6	92.4	1	0	3
5073	826	4873	-2.24	12.96	5.5	2	0	4
5464	4935	3486	20.91	3.85	16.36	0	0	0
1402	1186	NA	-0.76	NA	NA	0	NA	NA
4854	1740	1187	15.26	-3.69	11.82	0	0	0
5461	3598	5225	-2.12	18.92	26.32	0	0	3
2988	930	1485	-0.38	16.91	19.49	0	0	0
511	443	NA	-2.6	NA	NA	0	NA	NA
4863	1429	1886	-10.67	18.48	-0.78	0	0	0
5165	1589	1762	14.9	-2.73	10.23	0	0	0
5282	930	3519	2.9	4.48	4.87	0	0	0
5322	3453	1744	3.84	26.54	11.24	0	0	0
5215	NA	4829	NA	13.91	NA	NA	0	NA
916	NA	465	NA	17.01	NA	NA	0	NA
5256	1195	1871	6.6	3.1	17.95	0	0	0
5172	3022	3696	-7.54	8.89	16.95	0	0	0
1804	1532	911	21.16	-2.48	0.58	0	0	0
5174	3574	4959	7.56	76.85	11.27	3	0	4
3011	1401	1788	26.62	4.3	83.08	0	0	0
5261	NA	3515	NA	10.27	NA	NA	0	NA
1664	1490	1031	5.44	2.78	25.16	0	0	0
5199	NA	NA	NA	NA	NA	NA	NA	NA
5196	NA	NA	NA	NA	NA	NA	NA	NA
5286	1532	911	29.58	2.78	17.62	0	0	2
5458	1160	1734	-0.81	4.81	12.93	0	1	4
462	NA	NA	NA	NA	NA	NA	NA	NA
1798	1753	847	30.94	18.01	23.34	0	1	1
5213	1491	1604	-4.32	1.7	18.56	0	0	0
5133	2978	1796	3.23	19.94	21.64	0	0	0
5078	NA	2988	NA	4.39	NA	NA	0	NA
446	297	NA	1.43	NA	NA	0	NA	NA
1553	604	1274	1.19	9.99	3.59	0	0	0
5340	3491	5169	6.96	11.49	25.98	0	0	0
4964	2959	1831	9.5	28.62	25.15	0	0	0
1756	1244	1178	3.77	23.93	21.54	0	0	0
1171	542	547	11.97	-1.47	26.45	0	0	0
163	NA	NA	NA	NA	NA	NA	NA	NA
3612	3009	1742	17.86	14.07	34.66	0	0	0
5263	NA	3612	NA	13.35	NA	NA	0	NA
1701	595	497	9.03	4.37	22.12	0	0	0
1872	1612	1199	0.83	2.4	16.35	0	0	0
1707	1558	1441	0.07	1.32	10.41	0	0	0
5451	3518	5118	-16.76	14.67	9.72	0	0	0
1192	NA	NA	NA	NA	NA	NA	NA	NA
2986	927	1897	-9.8	8.77	63.86	3	0	3
5327	3086	4829	-8.33	35.61	1.31	0	0	0
1712	1227	1357	13.04	-5.86	10.33	0	0	0
3976	594	NA	7.59	NA	NA	0	NA	NA
1241	641	637	1.7	19.76	55	0	0	0
75	NA	NA	NA	NA	NA	NA	NA	NA
604	NA	NA	NA	NA	NA	NA	NA	NA
1724	444	1165	9.53	-6.09	12.09	0	0	0
5317	5150	1868	15.69	15.82	14.92	0	0	1
1615	1130	1356	15.3	0.4	9.29	0	0	0
5448	1753	4860	4.69	-2.1	11.61	0	0	0
5326	4935	3486	16.93	0.92	12.68	0	0	0
5293	3022	3696	14.06	11.15	13.31	0	0	0
1235	878	216	-1.74	6.88	23.43	0	0	0
1715	1043	676	8.41	0.06	20.08	0	0	0
606	NA	NA	NA	NA	NA	NA	NA	NA
634	NA	NA	NA	NA	NA	NA	NA	NA
4939	1532	911	25.63	3.62	8.85	0	0	0
1027	449	176	-20.89	21.62	-3.68	0	0	0
1201	543	669	38.53	12.93	65.8	0	2	2
298	NA	NA	NA	NA	NA	NA	NA	NA
3964	912	922	4.97	15.69	13.85	0	0	0
4086	938	1028	4.61	5.13	10.27	0	0	0
524	440	465	16.07	-6.19	23.04	0	3	3
1862	NA	NA	NA	NA	NA	NA	NA	NA
1164	502	293	16.43	10.32	13.4	0	0	0
508	NA	NA	NA	NA	NA	NA	NA	NA
681	NA	NA	NA	NA	NA	NA	NA	NA
950	217	293	-3.53	10.98	6.28	0	0	0
1440	1177	1243	21.48	10.21	16.4	0	0	0
477	NA	NA	NA	NA	NA	NA	NA	NA
1189	NA	NA	NA	NA	NA	NA	NA	NA
1407	1026	1032	12.44	8.29	13.9	0	0	0
1435	NA	1020	NA	3.99	NA	NA	0	NA
1537	825	1286	7.37	15.71	54.75	0	0	0
443	NA	NA	NA	NA	NA	NA	NA	NA
942	663	NA	40.99	NA	NA	0	NA	NA
1220	524	634	9.61	18.76	32.89	0	0	0
1295	1403	849	10.03	12.74	25.26	0	0	0
1388	1386	1274	45.96	12.52	18.19	0	0	0
6021	5514	4934	0.73	6.45	12.02	0	1	2
1237	NA	879	NA	13.88	NA	NA	0	NA
1349	596	200	8.56	7.45	18.51	0	0	0
840	NA	506	NA	0.56	NA	NA	2	NA
1239	442	499	-9.27	-18.52	13.1	0	0	1
1563	450	634	-0.97	-0.53	19.1	0	0	0
775	308	176	12.66	-0.75	20.68	0	0	0
1522	1409	1209	22.78	12.06	28.1	0	0	0
930	NA	NA	NA	NA	NA	NA	NA	NA
3514	NA	1519	NA	8.87	NA	NA	1	NA
2959	919	523	26.7	1.69	42.96	0	2	4
5587	3518	3454	-9.02	10.19	12.77	0	0	0
5294	1757	1523	13.1	8.38	25.88	0	0	0
1733	840	1187	-11.89	5.41	27.3	0	0	0
3455	1697	1796	14.29	-0.46	28.35	0	0	0
4898	1365	1819	4.22	7.27	16.73	0	0	3
4911	3517	1593	12.61	2.97	25.32	0	0	0
1299	NA	636	NA	7.65	NA	NA	0	NA
1622	1193	602	3.13	19.15	10.78	0	0	0
3603	1559	2960	11.17	5.05	16.23	0	0	0
5783	4965	1616	-35.18	17.65	8.04	0	0	0
4950	1491	1604	-0.29	-13.73	12.14	0	0	0
1247	862	854	-6.1	9.9	34.91	0	0	0
4900	1538	1174	5.36	2.22	5.43	0	0	0
457	NA	NA	NA	NA	NA	NA	NA	NA
4919	1043	1682	5.34	31.32	30.46	0	0	0
5157	1170	1877	11.54	20.8	10.97	0	0	0
1436	524	865	8.11	13.38	39.33	0	0	0
5130	521	3458	5.58	9.52	16.37	2	0	2
1603	NA	501	NA	-1.2	NA	NA	0	NA
1738	NA	1290	NA	7.57	NA	NA	2	NA
1753	1244	1188	0.2	15.85	11.37	0	0	0
1697	1384	1370	-1.42	16.79	26.43	0	0	0
5610	2968	1577	6.05	17.09	31.89	0	0	0
1042	1043	847	49.2	6.61	22.8	0	0	1
3017	1487	1020	7.36	6.68	20.57	0	2	3
5821	3596	5249	12.01	-9.45	6.3	0	1	1
1766	1415	1666	3.77	18.31	25.2	0	0	0
5136	2963	1533	12.48	27.15	12.21	0	0	0
5623	3604	1533	-0.13	21.1	42.37	0	0	0
1504	1404	507	11.35	-5.7	13.91	0	0	0
478	794	NA	1.18	NA	NA	1	NA	NA
4889	3453	1699	2.08	6.12	13	0	0	0
1828	1508	1754	32.18	18.08	32.25	0	0	0
3616	1763	1287	6.81	1.14	21.52	0	0	0
1745	1369	1504	22.09	14.44	25.1	0	0	0
1734	1735	1381	10.56	2.07	16.36	0	0	0
5154	3507	4953	-3.01	9.53	16.45	0	0	0
5770	5125	5526	4.53	-7.39	10.98	0	0	0
1769	1024	1412	6.49	2.47	18.11	0	0	0
1041	466	NA	0.65	NA	NA	0	NA	NA
3463	NA	1607	NA	18.26	NA	NA	0	NA
5077	3505	1742	9.69	9.57	21.02	0	0	0
5603	542	1040	-0.73	1.62	4.94	0	0	3
3445	1660	497	-9.3	11.4	98.06	0	0	3
1396	775	467	10.79	-6.29	41.93	0	0	0
5497	1438	5225	24.75	9.61	7.21	0	0	3
1370	308	216	21.45	9.01	30.86	0	0	0
1737	1598	637	16.83	1	12.31	0	0	0
3604	1725	1587	-9.36	4.87	32.8	0	0	0
1621	1017	1040	10.91	14.23	15.14	0	0	0
1713	1672	1533	17.38	10.14	38.87	0	0	0
3569	NA	NA	NA	NA	NA	NA	NA	NA
3605	1195	1871	4.21	21.2	23.42	0	0	0
1725	1506	1359	-0.95	8.78	18.88	0	0	0
3614	1757	1533	22.46	35.15	10.08	0	0	1
5289	1791	1729	8.57	12.2	35.76	0	0	0
1832	1033	1722	3.03	3.93	4.77	0	0	3
1829	1190	1489	-4.97	-1.79	5.06	0	0	0
1849	601	506	-5.26	30.5	15.83	0	0	0
1620	823	1268	-1.02	2.42	18.32	0	0	0
1855	442	1543	27.61	25.32	100.64	0	0	0
3518	1503	1774	1.04	2.79	12.54	0	0	0
1400	1401	605	24.42	3.16	14.55	0	0	0
1618	832	1187	5.53	7.96	4.7	0	0	3
3580	1854	1029	2.24	4.66	22.31	0	0	0
4910	3517	828	16.52	-3.24	7.25	0	0	0
3572	1506	1720	-1.87	-3.4	1.47	0	0	0
3611	3508	1151	50.42	19.99	19.9	0	0	2
1773	1186	1184	42.29	25.61	42.24	0	0	0
4877	1503	1499	-23.48	4.96	12.37	0	0	0
1732	872	544	-10.01	3.24	-4.97	3	0	3
1193	NA	917	NA	20.63	NA	NA	0	NA
1234	168	854	-2.48	-0.38	28	0	0	0
4803	NA	1234	NA	10.22	NA	NA	0	NA
3570	1779	1796	-1.33	10.9	11.53	0	0	0
1488	NA	NA	NA	NA	NA	NA	NA	NA
5473	2963	1196	1.72	3.38	13.33	0	0	0
494	329	NA	11.31	NA	NA	0	NA	NA
2977	1717	1196	-2.75	10.5	8.73	0	0	0
469	NA	NA	NA	NA	NA	NA	NA	NA
6052	1826	3456	1.79	15.53	21.29	0	0	0
5596	3596	5292	7.37	20.52	28.77	0	0	0
5607	1247	1030	1.63	-5.56	9.52	1	1	3
1430	1172	1171	-2.14	7.77	36.88	0	0	0
2972	1042	176	-10.52	1.1	3.19	0	0	0
5076	1800	1769	9.72	4.7	12.04	0	0	0
3698	NA	1566	NA	7.52	NA	NA	0	NA
5601	1765	5072	2.61	38.25	-4.12	0	0	0
3454	2978	1196	24.47	11.01	13.22	0	0	0
4960	2968	1769	7.17	3.43	12.6	0	0	0
5236	2985	1752	6.33	-6.63	20.19	0	0	0
1856	1753	1349	-6.34	3.29	5.36	0	0	0
5534	NA	NA	NA	NA	NA	NA	NA	NA
1735	1190	917	-9.45	-8.14	7.88	0	0	0
51	430	NA	0.89	NA	NA	0	NA	NA
1667	792	1542	7.54	4.77	19.2	0	0	0
1884	1580	1512	9.17	-6.82	15.66	0	0	0
5773	NA	NA	NA	NA	NA	NA	NA	NA
1495	1200	1156	4.28	22.65	22.63	0	0	0
1695	1390	221	-4.61	-6.94	9.11	0	0	0
4955	1598	3000	8.97	-12.32	1.71	0	0	0
1517	639	208	6.45	1.86	7.27	0	0	0
1741	1559	1031	-11.77	0.55	5.27	0	0	0
1661	840	911	17.41	29.1	73.41	0	0	0
1800	1193	1495	17.05	8.38	12.4	0	0	0
3574	3090	1381	11.65	-2.33	7.72	0	0	0
442	199	NA	3.09	NA	NA	0	NA	NA
1670	447	1203	10.52	0.35	23.72	0	0	0
5511	NA	NA	NA	NA	NA	NA	NA	NA
5827	NA	1722	NA	12.33	NA	NA	0	NA
1424	1208	NA	9.62	NA	NA	0	NA	NA
1779	1387	1670	5.73	16.97	18.56	0	0	0
5512	4958	1710	4.42	4.73	10.07	0	0	0
5334	3596	1722	15.07	24.66	26.92	0	0	0
5592	1605	5340	8.42	2.71	4.47	0	0	4
1759	522	1360	6.22	16.36	32.19	0	0	0
5636	5336	5290	5.18	7.66	22.07	0	0	0
4966	1559	1702	-9.27	25.19	2.87	0	0	0
3498	1536	1303	6.73	-0.31	-2.1	0	0	4
823	665	NA	13.02	NA	NA	0	NA	NA
4970	3487	1543	16.31	13.73	29.05	0	0	0
5450	3490	3615	7.63	17.13	8.14	0	0	0
1796	1437	1196	-10.07	9.32	14.79	0	0	0
4968	1503	1611	-0.39	25.77	7.3	0	0	0
5313	4964	1762	12.21	1.56	13.05	0	0	0
6136	3085	3456	-0.19	15.51	17.07	0	0	0
3699	2968	1769	15.27	2.44	35.58	0	0	0
2982	NA	1433	NA	3.03	NA	NA	0	NA
4949	3650	NA	28.42	NA	NA	0	NA	NA
1716	1043	1303	7.85	-3.87	-0.48	0	1	1
5631	3596	5072	3.04	11.97	17.81	1	0	1
5517	4804	NA	17.73	NA	NA	0	NA	NA
3646	1790	2964	4.88	-6.23	8.15	0	0	0
3696	869	NA	22.87	NA	NA	0	NA	NA
4940	1501	3489	3.26	33.94	17.82	0	0	0
1865	NA	NA	NA	NA	NA	NA	NA	NA
4967	1501	3489	6.83	12.44	19.18	0	0	0
1785	1558	1153	0.64	-3.31	15.33	0	0	0
847	NA	545	NA	4.12	NA	NA	0	NA
673	476	NA	-7.37	NA	NA	3	NA	NA
2971	1612	1199	-4.51	-1.01	-9.97	0	0	0
1789	NA	1243	NA	5.68	NA	NA	0	NA
1891	1541	509	-9.84	5.4	17.28	0	0	0
4952	1437	1722	-11.91	7.13	13.22	0	0	0
1698	1552	1504	8.34	5.22	14.84	0	0	0
5778	3517	5333	31.57	-2.06	16.98	0	0	0
6140	1803	5586	12.96	17.81	6.85	0	0	0
1879	1501	1499	-9.54	13.44	19.51	0	0	0
1346	1158	1041	-8.39	6.49	14.4	0	0	0
1780	1491	1356	5.43	3.62	25.42	0	0	0
4948	1437	1797	8.46	7.05	16.84	0	0	0
1736	1182	1542	1.62	1.08	19.13	0	0	0
1721	1511	NA	16.29	NA	NA	0	NA	NA
5608	4999	4888	-9.05	-13.82	-3.46	3	0	3
5316	441	4967	-5.93	17.32	9.22	2	0	2
3486	1705	1187	3.15	6.33	18.91	0	0	0
6149	1707	5822	-1.1	12.65	16.67	0	0	0
1777	1779	1248	5.33	-1	21.53	0	0	0
1696	1571	NA	23.71	NA	NA	0	NA	NA
1807	1717	1683	9.33	-1.24	15.55	0	0	2
1758	1757	1523	17.47	10.91	14.96	0	0	0
5593	5217	1494	8.56	3.6	26.02	0	0	0
2970	1437	1220	11.2	10.74	12.4	0	0	0
774	NA	NA	NA	NA	NA	NA	NA	NA
4971	1669	NA	15	NA	NA	0	NA	NA
1873	1550	1724	12.81	5.6	15.44	0	0	0
1714	1222	494	-9.04	3.65	8.31	0	0	0
5509	5123	1577	23.6	12.93	30.75	0	0	0
1165	NA	NA	NA	NA	NA	NA	NA	NA
1415	441	1165	-3.42	-0.78	4.68	0	0	0
1552	1369	1032	7.95	-23.61	0.28	0	0	0
1681	NA	1494	NA	19.63	NA	NA	0	NA
1784	1380	1595	4.15	0.95	21.12	0	0	0
1613	845	669	16.97	0.65	0.6	0	0	2
1368	1161	216	-9.18	29.1	-17.24	0	0	1
1778	951	1196	18.92	1.72	12.82	0	0	0
1749	1674	1029	-1.56	15.9	16.71	0	0	0
1188	878	879	2.19	12.66	18.3	0	0	0
2981	1390	1695	9.69	46.67	24.61	0	0	0
1382	679	477	5.42	0.58	18.14	0	0	0
1019	NA	881	NA	19.78	NA	NA	0	NA
2965	1559	1031	-28.07	5.16	6.58	0	0	0
1676	1390	1039	16.98	-3.5	22.11	0	1	1
642	NA	NA	NA	NA	NA	NA	NA	NA
2987	308	1368	19.24	4.81	19.67	0	0	0
1793	1275	1610	9.57	0	18.4	0	0	0
674	NA	NA	NA	NA	NA	NA	NA	NA
544	NA	29	NA	1.1	NA	NA	0	NA
1039	NA	NA	NA	NA	NA	NA	NA	NA
1015	NA	NA	NA	NA	NA	NA	NA	NA
629	NA	NA	NA	NA	NA	NA	NA	NA
1851	1195	1045	-6.07	31.83	-4.74	0	0	0
1025	308	216	12.46	3.72	27.53	0	0	0
1155	NA	331	NA	7.87	NA	NA	0	NA
3508	1597	1794	5.77	9.25	17.47	0	0	0
1894	503	1214	1.6	39.99	136.61	0	0	0
1794	1382	847	15.63	-4.61	10.76	0	0	0
176	NA	NA	NA	NA	NA	NA	NA	NA
1061	595	NA	16.32	NA	NA	0	NA	NA
888	441	860	0.25	-0.25	11.51	0	0	0
1808	1403	849	-3.55	13.86	15.83	0	0	0
1751	NA	1494	NA	19.71	NA	NA	0	NA
3619	1429	1886	2.71	10.34	12.91	0	0	0
597	NA	293	NA	6.7	NA	NA	0	NA
879	447	51	1.43	-6.11	7.98	0	0	0
866	NA	642	NA	2.91	NA	NA	0	NA
1760	1380	602	25.51	7.3	15.02	0	0	0
938	163	510	-4.77	11.47	14.74	0	0	0
1893	1403	849	3.89	11.27	13.7	0	0	0
1730	1612	1681	2.05	-0.28	12.31	0	0	3
633	168	NA	-17.2	NA	NA	3	NA	NA
1761	1757	1557	23.47	-30.16	-42.86	3	0	4
1827	1563	1572	5.01	15.61	2.14	0	0	0
1892	832	1534	2.95	0.33	14.23	0	0	0
1677	1588	1587	27.92	9.15	22.65	0	0	0
1866	1409	1209	-1.29	-0.37	24.39	0	0	0
1718	858	1533	0.82	11.81	28.83	0	0	0
3694	1612	1595	-2.46	-8.14	3.87	0	0	1
3446	951	1604	0.06	7.48	-0.61	0	0	3
1598	1195	1279	-1.75	3.2	13	0	0	0
595	NA	473	NA	0.23	NA	NA	0	NA
870	461	NA	1.33	NA	NA	0	NA	NA
1617	823	1292	-1.78	-1.94	-2.21	2	0	2
454	172	NA	-4.13	NA	NA	2	NA	NA
5008	1803	1566	-11.35	15.19	2.31	0	0	0
4935	1672	1797	9.48	12.53	31	0	0	0
1719	1247	494	1.49	3.02	19.77	0	0	0
1843	1490	1287	7.34	5.34	12.12	0	1	1
947	329	NA	12.53	NA	NA	2	NA	NA
5142	3449	2962	4.92	2.66	11.61	0	0	0
1786	1538	1539	22.74	33.41	-0.01	0	0	0
679	NA	465	NA	1.72	NA	NA	0	NA
3492	1532	1433	20.28	4.67	11.85	0	0	3
1705	912	1348	2.19	6.35	23.69	0	0	0
3447	1501	1773	-2.13	20.65	27.65	0	0	0
3015	1510	1723	-16.84	14.33	12.96	0	0	0
1682	869	1188	0.49	4.82	13.53	0	0	0
1882	639	1610	2.82	-2.91	4.83	0	0	0
887	NA	877	NA	-1.83	NA	NA	0	NA
5627	3462	2966	5	11.9	19.56	0	0	0
3507	1760	2972	14.89	14.41	17.75	0	0	1
1727	666	1171	3.35	19.32	35.1	0	0	0
1704	951	1196	14.15	3.5	11.17	0	0	0
1850	601	506	0.49	19.01	20.91	0	0	0
1846	1244	1213	-6.36	13.92	16.93	0	0	0
542	NA	NA	NA	NA	NA	NA	NA	NA
666	NA	44	NA	1.19	NA	NA	0	NA
5140	1854	1029	3.23	2.02	12.57	0	0	0
1781	924	603	6.47	-3.9	5.88	0	1	4
3607	2984	2960	-15.66	-0.23	16.06	0	0	0
5127	663	NA	17.14	NA	NA	2	NA	NA
1853	1771	1187	1.8	7.75	15.77	0	0	0
561	NA	NA	NA	NA	NA	NA	NA	NA
5151	1438	1708	5.4	2.03	17.89	0	0	0
851	NA	44	NA	9.01	NA	NA	0	NA
5126	2985	1752	-2.88	10.68	4.32	0	0	0
1494	845	1154	8.08	-2.02	13.76	0	0	0
5146	3567	1604	9.76	-10.86	12.77	0	0	0
923	440	44	2.85	3.96	17.1	0	0	0
1771	925	1020	18.66	7.26	16.3	0	0	0
1895	930	439	4.15	-6.15	32.38	1	2	4
664	464	448	6.1	2.72	11.45	0	0	0
4897	1824	1729	-2.88	19.44	10.24	0	0	0
1706	1186	1221	10.96	3.45	25.78	0	0	0
4861	2989	1710	5.98	9.84	38.45	0	0	0
4883	1222	494	9.13	-9.38	13.61	0	0	0
547	NA	NA	NA	NA	NA	NA	NA	NA
1406	1403	849	1.22	13.77	13.02	0	0	0
599	297	298	-10.29	5.64	18.32	0	0	0
4875	1857	1499	6.6	14.92	15.98	0	0	0
3615	1857	1499	19	5.14	16.01	0	0	0
1668	826	1521	-3	-48.88	46.23	0	0	2
5640	3453	1744	5.01	14.75	13.59	0	0	0
1231	915	941	9.32	7.13	29.48	0	0	0
1510	1247	1020	10.77	-8.85	19.78	0	0	0
1539	459	176	-1.02	2.8	9.03	0	0	0
4871	3450	1582	9.88	-4.55	0.38	1	0	3
1062	835	860	4.15	-19.95	-8.9	0	0	0
5533	1552	1882	18.87	3.19	11.74	0	0	0
6160	5164	2966	13.31	0.88	16.29	0	0	0
5838	5128	5583	12.08	13.98	22.72	0	0	0
5519	NA	5159	NA	1.38	NA	NA	0	NA
6189	NA	1780	NA	27.36	NA	NA	0	NA
5829	3569	3456	-5.9	12.35	11.35	0	0	1
5540	4965	1616	23.65	13.42	25.34	0	0	0
6197	5195	5764	6.58	17.92	8.78	0	0	0
5909	1707	5447	8.86	0.51	10.28	0	2	3
6228	1576	5522	0.27	4.67	14.67	0	0	0
5550	4961	1698	21.46	23.71	-13.54	0	0	0
5747	5164	2966	5.9	6.88	11.63	0	0	0
5754	5128	5558	22.46	25.13	27.73	0	3	3
6219	5212	5559	7.04	-11.96	11.84	0	0	0
5839	1824	5679	2.82	15.78	24.09	0	3	3
5566	NA	452	NA	11.64	NA	NA	2	NA
5520	5155	5159	7.97	1.92	16.88	0	0	0
5526	4941	3615	6.43	5.26	10.7	0	0	0
5786	1763	2966	16.5	9.32	19.25	0	0	0
6211	3094	NA	3.39	NA	NA	0	NA	NA
5530	3594	5197	-1.14	63.67	24.93	0	0	0
6202	NA	1151	NA	12.44	NA	NA	0	NA
6215	5339	2966	-13.35	19.23	7.53	2	0	2
5529	3698	4872	12.87	18.66	133.77	0	0	0
5558	5217	1494	14.17	3.62	19.34	0	0	0
5836	3568	1556	5.22	-16.45	-11.46	2	1	4
5561	3517	1868	6.33	-1.5	6.17	0	0	1
6196	5537	5626	12.25	5.82	23.31	0	0	0
6039	1580	3643	10	2.85	28.75	0	0	0
5822	5604	1729	5.56	11.46	23.2	0	0	0
5507	1510	1553	2.35	31.03	15.67	0	0	0
6019	5132	1801	2.39	5.69	13.14	0	0	0
5590	NA	3093	NA	12.92	NA	NA	0	NA
5574	5324	1494	21.75	2.83	31.37	0	0	0
5583	4960	4872	-3.01	7.15	20.11	0	0	0
5625	5531	4957	13.63	3.19	10.46	0	0	0
5543	4917	4860	4.78	3.3	12.38	0	0	0
6188	6022	5522	2.91	-0.61	14.92	0	0	2
5605	3002	5269	12.29	-29.21	21.41	0	0	0
5539	4961	5167	8.76	10.08	7.98	0	0	0
1819	1355	1710	11.94	-7.34	10.9	0	0	0
5781	1803	5602	28.4	44.14	23.48	0	0	0
6193	1826	5780	7.35	5.68	18.5	0	0	0
5537	1669	1881	21.67	0.56	24.32	0	0	0
5457	3596	1582	23.88	1.9	8.98	0	1	1
5612	1827	5322	32.25	-3.43	2.94	0	0	0
5521	4964	1607	2.59	0.92	19.41	0	0	0
5626	5339	5249	26.62	14.36	13.1	0	0	1
5837	5284	5539	19.7	11.25	20.2	0	0	0
5600	3451	911	-4.01	16.87	14.29	0	0	4
5582	3516	2991	13.08	-5.3	12.85	0	0	0
1521	826	1213	-17.37	28.87	18.76	0	0	0
178	NA	NA	NA	NA	NA	NA	NA	NA
6031	5652	5334	40.37	9.83	-0.67	1	0	4
1747	826	890	13.81	0.82	19.38	0	0	0
1611	639	4086	4.4	37.55	2.23	0	3	3
1060	675	549	-12.38	20.15	12.58	1	0	1
1562	522	629	3.64	-2.72	5.99	0	0	0
6035	5140	5321	4.66	7.49	16.65	0	0	2
1236	912	922	21.28	13.96	22.29	0	0	0
6042	1383	5210	10.4	-8.05	16.28	0	0	3
6036	1270	1151	4.27	14.41	7.5	0	0	3
1371	454	216	8.06	2.4	16.02	0	0	0
1294	1173	1041	4.69	-8.67	7.7	0	0	0
476	NA	NA	NA	NA	NA	NA	NA	NA
1574	308	921	8.38	23.22	26.53	0	0	0
441	NA	NA	NA	NA	NA	NA	NA	NA
6774	NA	NA	NA	NA	NA	NA	NA	NA
1168	938	550	13.74	-6.02	24.34	0	0	0
6767	6378	5822	12.4	17.9	20.92	0	0	0
1297	NA	1248	NA	8.87	NA	NA	1	NA
638	NA	NA	NA	NA	NA	NA	NA	NA
1017	64	NA	0.2	NA	NA	1	NA	NA
1859	NA	NA	NA	NA	NA	NA	NA	NA
1530	1410	436	2.31	7.39	11.88	0	0	0
1679	1588	1581	-3.2	7.92	15.05	0	0	0
1405	1048	929	10.78	2.72	40.09	0	0	3
1172	NA	477	NA	0.92	NA	NA	0	NA
596	297	NA	-1.87	NA	NA	0	NA	NA
1398	845	674	-0.82	-0.14	22.5	0	0	0
1304	677	550	26.74	-10.7	69.8	0	0	0
1575	1186	1188	11.62	-0.33	22.97	0	0	0
1439	932	1274	3.2	11.91	-16.43	0	0	0
1565	1017	1167	-3.08	11.47	12.25	3	0	3
637	NA	NA	NA	NA	NA	NA	NA	NA
1175	641	637	1.59	11.18	55.17	0	0	0
466	NA	NA	NA	NA	NA	NA	NA	NA
1520	502	1164	6.94	17.7	1.28	0	0	1
1512	951	1196	17.58	-2.17	14.32	0	0	0
1534	853	865	5.72	22.51	25.81	0	0	0
1413	927	501	1.04	13.04	26.71	0	0	0
5342	2989	4887	2.28	-8.45	43.14	0	0	0
5462	1532	911	24.44	-0.3	4.33	0	0	0
1764	1222	1684	48.25	8.56	-1.99	0	1	1
4962	1760	1829	13.28	7.37	12.61	0	0	0
3697	1753	1606	-8.03	0	0	0	0	0
5205	3604	1533	0.57	15.87	37.12	0	0	0
5163	1536	1787	5.31	8.97	8.43	0	0	0
5210	2989	1710	1.75	4.85	33.73	0	0	0
5343	3086	1729	1.78	16.14	8.02	0	0	0
5209	5120	3456	44.11	11.68	-3.82	0	0	3
5454	3462	3093	12.09	4.01	16.45	0	0	0
1847	1763	1287	42.36	4.28	15.76	0	0	1
1887	1429	1759	4.06	-11.98	8.03	0	0	0
862	NA	NA	NA	NA	NA	NA	NA	NA
949	524	856	16.25	10.6	23.38	0	0	0
1662	1771	1187	-1.38	16.72	9.59	0	0	0
5009	1778	1485	2.58	18.49	26.52	0	0	0
5170	1383	1274	9.44	6.75	3.67	1	0	4
5271	2989	3964	4.03	10.24	5.02	0	0	4
5242	3698	1877	13.81	13.88	21.57	0	0	0
5465	3444	4887	-5.89	-6.35	9.15	0	0	0
5463	3002	1886	13.31	17.9	28.18	0	0	0
4855	3491	497	-19.73	10.14	80.6	0	0	3
5225	1438	1774	8.44	-6.39	4.44	0	1	1
5224	4878	1742	11	8.47	24.72	0	0	1
5338	1798	2974	4.12	15.1	27.47	0	0	0
1033	297	1862	-2.92	7.76	7.49	0	0	0
1825	1506	1500	7.65	2.33	15.95	0	0	0
5195	3090	562	9.51	0.85	2.8	0	3	4
5459	3606	1494	4.88	1.97	14.54	0	0	0
1852	1247	1287	4.51	5.7	3.4	0	0	1
1845	1685	1608	1.48	34.1	25.09	0	0	0
6045	5635	5462	13.21	15.89	24.31	0	0	0
3700	1678	1412	-9.56	-8.81	2.69	0	0	0
5152	1438	1708	-3.52	18.99	14.07	0	0	0
4961	1361	1698	18.99	23.71	29.7	0	0	0
5150	1892	1896	0.19	-1.5	3.51	2	0	4
5153	3507	1171	13.23	2.7	25.86	0	0	0
5834	5267	3093	6.45	8.47	21.46	0	0	0
4862	1717	1797	6.74	13.25	15.22	0	0	0
4969	3500	2988	5.87	5	21.15	0	0	0
6016	NA	NA	NA	NA	NA	NA	NA	NA
4866	3002	1616	41.26	8.75	26.43	0	0	2
4805	560	1543	-9.91	19.02	2.39	3	0	3
4942	3004	1615	23.37	16.21	1.85	2	0	3
5135	2963	1533	35.28	12.17	18.34	0	0	0
1624	NA	1495	NA	6.35	NA	NA	0	NA
1746	949	1540	-8.34	10.66	10.29	0	0	0
5116	563	1587	1.83	6.64	10.98	0	0	0
1680	NA	1398	NA	6.94	NA	NA	1	NA
2962	1763	1287	11.78	2.19	18.04	0	0	1
5134	3085	1729	0.63	-19.15	15.75	0	0	0
1833	1741	2964	2.44	29.21	-2.93	0	1	1
1774	1501	507	11.2	5.63	18.48	0	0	0
825	NA	NA	NA	NA	NA	NA	NA	NA
859	NA	178	NA	0.27	NA	NA	0	NA
1660	1605	497	5.43	5.2	14.93	0	0	0
1703	1244	1213	-17.42	27.58	11.04	0	0	0
5156	1401	1788	3.76	29.12	102.71	0	0	0
1820	1700	1221	5.48	-5.38	17.43	0	0	0
921	459	465	3.33	3.06	24.34	0	0	0
5148	1172	1171	8.64	-3.29	14.54	0	0	0
5324	3002	1581	29.31	13.87	40.35	0	0	0
1441	1403	NA	4.64	NA	NA	0	NA	NA
1755	1247	1020	-8.34	8.72	8.74	0	0	0
1671	1760	1556	36.73	0.85	21.42	0	0	2
5120	3569	3456	1.41	10.96	12.95	0	0	2
1770	1506	1276	-8.7	0.83	-5.47	0	0	1
4885	NA	868	NA	4.09	NA	NA	0	NA
1772	NA	NA	NA	NA	NA	NA	NA	NA
5235	1669	1742	32.25	7.58	17.97	0	0	0
5122	1043	497	29.6	6.92	15.25	0	0	0
5149	1757	3617	2.23	19.1	0.66	0	0	0
5825	4891	1615	13.25	4.61	7.92	0	0	2
3489	1503	1499	8.9	17.68	26.88	0	0	0
1401	NA	1174	NA	3.64	NA	NA	0	NA
3458	NA	1610	NA	13.24	NA	NA	0	NA
1858	825	1611	1.95	8.99	23.95	0	0	0
1438	1155	1154	-4.39	6.45	12.01	0	0	0
5117	3002	1581	8.21	8.68	12.24	0	0	0
5074	1765	3464	-0.25	9.77	16.57	0	0	0
5131	1193	2990	8.05	7.38	17.72	0	0	0
1674	666	1151	8.9	12.86	25.23	0	0	0
4829	1758	293	-3.29	6.36	16.9	0	3	3
1684	NA	1526	NA	11.77	NA	NA	0	NA
3488	1024	2965	6.14	47.96	30.49	0	0	0
1356	832	1041	15.81	10.99	37.03	0	0	0
1287	441	1165	4.57	6.07	20.8	0	0	0
4878	1589	1762	3.55	6.98	1.96	0	0	4
1506	1200	1156	4.98	9.88	20.27	0	0	0
1614	912	NA	28.97	NA	NA	0	NA	NA
1748	1390	921	3.44	17.22	11.86	0	0	0
3487	1043	1412	-11.37	5.54	19.13	0	0	0
1675	1555	847	-11.87	-12.41	5.03	3	0	4
5138	1532	911	21.22	-1	5.61	0	0	0
1359	444	1166	7.48	11.12	19.08	0	0	0
5629	1707	1710	-2.45	-8.87	1.19	0	0	0
5618	1200	5497	2.69	8.66	1.06	0	0	2
5685	5284	5539	22.29	28.56	27.35	0	0	0
5655	5119	5235	-6.36	13.68	19.83	0	0	0
5852	1580	3643	-1.99	3.59	21.14	0	0	0
5828	5533	5167	5.12	7.26	21.25	0	0	0
5771	4999	5513	-2.6	15.42	11.75	0	0	0
5647	3451	5281	-2.04	-21.55	31.57	0	0	3
5553	4863	1762	10.18	24.89	18.24	0	0	0
6150	NA	5786	NA	26.08	NA	NA	0	NA
6178	4965	NA	4.91	NA	NA	0	NA	NA
5831	3604	5118	-6.7	9.05	7.8	0	0	0
5562	2963	3089	0.33	-1.5	10.87	0	0	0
5840	3698	1489	10.95	8.34	33.49	0	0	0
6158	5604	1607	11.59	19.12	26.7	0	0	0
5844	5683	4854	30.65	24.08	38.93	0	0	0
5542	3085	3456	-0.19	15.51	17.07	0	0	0
2966	444	497	-0.06	5.28	3.45	1	0	4
5560	3698	1489	6.59	2.54	34.55	0	0	0
5772	1415	4890	5.53	3.01	16.88	0	0	0
4953	1789	1610	8.65	17.2	29.51	0	0	0
5572	4896	5269	16.2	1.49	25.37	0	0	1
5557	3462	3093	5.19	3.56	28.69	0	0	0
5848	5195	1881	3.05	4.82	13.71	0	0	2
5832	1532	3689	-10.01	24.64	20.85	0	0	0
6166	4936	1731	24.75	20.7	25.08	0	0	0
5787	3596	5547	14.59	15.6	9.03	0	0	0
6165	1864	1542	25.07	3.26	9.27	0	0	0
5648	5277	4889	13.43	2.19	23.08	0	0	0
5567	3698	5529	12.87	32.9	119.02	0	0	0
6156	5833	5595	1.62	8.34	16.43	0	0	0
6063	5517	5622	4.53	-1.61	8.71	0	0	2
5749	4971	4902	-3.36	4.3	25.31	0	0	0
5680	NA	3093	NA	15.46	NA	NA	0	NA
3645	1576	1512	6.5	21.16	26.96	0	0	0
5849	5123	5775	9.09	15.59	14.86	0	0	0
5241	5162	1871	7.77	1.35	16.14	0	0	0
5826	3491	1616	-0.48	15.87	18.61	0	0	0
5850	1536	867	11.99	11.5	11.06	0	2	3
5637	5324	NA	26.69	NA	NA	0	NA	NA
6147	5267	4829	2.3	17.2	22.46	0	0	0
5175	2978	1196	16.03	6.15	16.3	0	0	0
5845	3505	3005	12.26	-6.49	10.03	0	0	0
5573	1614	1663	6.39	-20.4	2.26	0	1	3
5538	NA	NA	NA	NA	NA	NA	NA	NA
4959	1893	1788	5.27	2.04	19.76	0	0	0
5453	1763	1729	12.98	1.47	14.36	0	0	0
4963	2968	1769	3.35	-0.5	17.99	1	0	1
5782	5162	5077	2.74	8.63	25.46	0	0	0
2991	NA	1618	NA	5.1	NA	NA	1	NA
5687	3567	1604	7.38	-3.77	9.5	0	0	0
5279	1361	1698	20.21	11.38	23.88	0	0	0
5594	3003	3458	3.45	6.08	8.95	0	0	0
6176	4999	5551	6.68	10.81	-5.05	0	0	0
6151	5454	1188	7.46	13.3	11	0	0	2
5581	1439	5285	15.44	1.37	17.48	1	0	4
5616	3596	1877	33.04	0.53	16.19	0	0	0
1665	1059	494	13.47	-4.87	-3.02	0	0	1
5541	1852	4890	-0.04	2.12	11.63	0	0	0
5586	5549	NA	20.54	NA	NA	1	NA	NA
5554	4863	1762	8.16	3.17	13.41	0	0	0
5528	4960	4872	7.8	2.79	13.55	0	0	0
5555	3500	1762	2.44	-3.98	17.52	0	0	0
1497	1304	668	-0.38	1.68	-3.55	0	0	0
5552	4958	1710	4.57	4.75	10.02	0	0	0
5784	5341	5522	8.82	6.03	27.63	0	0	0
5644	5277	4889	-1.04	2.15	13.39	0	0	0
5563	3512	5528	12.61	39.2	5.33	0	0	0
5617	1824	5220	-2.27	-1.43	16.82	0	0	0
5546	3499	NA	16.18	NA	NA	0	NA	NA
1765	64	1276	-11.72	5.31	6.92	3	0	3
4873	1415	3005	-23.03	8.65	-5.32	0	0	3
1717	1423	293	17.76	-0.21	-1.52	1	0	4
4946	NA	1194	NA	9.64	NA	NA	1	NA
5650	NA	2974	NA	12.62	NA	NA	0	NA
3000	1735	1381	7.18	-7.93	-1.59	0	0	0
5841	5458	NA	4.59	NA	NA	0	NA	NA
4954	1672	1533	6.61	-17.49	15.44	0	0	0
5639	5242	4872	4.06	8.17	-11.18	0	0	3
2974	1024	1412	3.09	6.77	25.41	0	0	0
5777	3517	5333	12.51	1.96	18.24	0	0	0
5642	1852	3456	2.4	2.17	17.9	0	0	0
5589	663	5197	15.74	-5.37	14.45	1	0	3
5614	3094	5170	5.39	5.13	17.69	0	0	0
3022	1760	NA	13.75	NA	NA	0	NA	NA
5653	3462	2966	14.15	10.24	23.82	0	0	0
4945	3505	1802	-2.7	-8.47	0.17	3	0	3
5678	1225	4888	3.06	25.11	15.75	0	0	4
5633	3022	3696	28.03	-3.62	18.01	0	0	0
5645	5163	5072	-3.54	13.1	22.15	0	0	0
5571	5242	1489	14.83	-0.62	7.49	0	0	0
5510	3490	3087	11.57	-1.03	28.79	0	0	0
1799	869	1381	6.97	-7.53	1.81	0	2	2
5621	1763	2966	28.65	-15.29	4.26	0	0	0
5646	5324	1769	-24.45	6.75	-16.48	2	0	4
5615	3490	3087	-11.24	17.01	20.72	0	0	0
